0.005075,-1.26,0.72
0.01218,-1.26,0.72
0.021187,-1.26,0.72
0.031119,-1.26,0.72
0.040758,-1.26,0.72
0.051291,-1.26,0.72
0.061197,-1.26,1.08
0.070869,-1.26,1.44
0.081554,-1.44,2.34
0.091142,-1.44,2.88
0.102806,-1.44,3.6
0.112969,-1.62,4.32
0.121617,-2.16,5.04
0.131853,-2.88,5.76
0.141821,-3.24,6.48
0.154307,-3.6,7.2
0.164009,-3.78,7.74
0.17219,-4.14,8.28
0.183003,-4.5,9.18
0.192119,-5.04,9.72
0.206664,-6.12,10.8
0.215938,-6.84,11.52
0.222447,-7.2,11.7
0.232983,-7.56,12.24
0.242761,-7.74,12.78
0.253671,-8.1,13.5
0.265158,-8.64,14.4
0.274714,-9.0,15.12
0.285904,-9.36,15.84
0.295765,-9.72,16.38
0.30646,-10.44,17.28
0.315054,-11.16,18.0
0.326408,-11.88,18.72
0.335112,-12.24,19.44
0.346354,-12.6,19.98
0.357244,-12.6,20.52
0.366445,-12.6,21.06
0.375096,-12.6,21.6
0.385992,-13.32,22.5
0.397168,-14.4,23.58
0.406351,-14.94,24.12
0.41663,-15.66,25.02
0.424897,-16.2,25.38
0.435533,-16.74,25.92
0.445187,-17.28,26.64
0.456669,-17.64,27.36
0.46601,-17.64,28.08
0.474621,-17.64,28.62
0.484846,-18.18,29.52
0.494416,-18.72,30.06
0.505958,-19.26,30.96
0.515722,-19.8,31.68
0.525655,-20.34,32.22
0.534143,-20.88,32.94
0.545146,-21.6,33.66
0.55588,-22.32,34.38
0.565328,-22.68,34.92
0.574807,-22.68,35.46
0.585231,-22.86,36.18
0.596041,-23.4,37.08
0.604632,-23.76,37.8
0.615403,-24.3,38.52
0.625808,-24.84,39.24
0.635576,-25.38,39.78
0.644747,-25.92,40.5
0.655596,-26.82,41.4
0.664473,-27.36,42.12
0.674407,-27.72,42.66
0.685215,-27.9,43.2
0.696173,-28.26,44.28
0.705194,-28.44,44.64
0.714618,-28.8,45.18
0.725394,-29.16,46.08
0.735986,-29.88,46.98
0.745377,-30.6,47.7
0.755609,-31.32,48.42
0.765458,-32.04,49.32
0.775566,-32.4,49.68
0.786099,-32.76,50.4
0.79463,-32.76,50.94
0.804496,-32.76,51.48
0.814651,-32.94,52.2
0.824625,-33.84,53.46
0.835822,-34.56,54.18
0.845896,-35.1,54.72
0.854117,-35.46,55.08
0.864438,-36.0,55.98
0.875728,-36.9,56.88
0.884666,-37.44,57.42
0.895692,-37.8,58.14
0.905446,-37.98,58.68
0.916531,-38.34,59.58
0.924213,-38.52,60.12
0.934249,-38.88,60.84
0.944986,-39.24,61.74
0.954056,-39.6,62.28
0.964646,-40.32,63.18
0.975189,-41.22,64.08
0.985386,-41.94,64.98
0.99446,-42.48,65.52
1.00434,-42.84,66.06
1.014276,-42.84,66.6
1.024478,-43.2,67.32
1.035237,-43.56,68.04
1.044849,-43.92,68.94
1.056665,-44.46,69.84
1.065007,-45.0,70.56
1.075672,-45.54,71.28
1.085211,-46.44,72.0
1.096597,-47.16,72.72
1.105887,-47.52,73.44
1.115304,-47.88,74.16
1.125926,-47.88,74.7
1.134974,-47.88,75.24
1.146076,-48.24,75.96
1.156559,-49.14,77.22
1.165788,-49.86,78.12
1.174514,-50.4,78.48
1.186881,-51.12,79.56
1.197132,-51.84,80.28
1.205012,-52.38,80.82
1.214402,-52.56,81.36
1.225638,-52.92,82.26
1.234794,-53.1,82.98
1.243639,-53.46,83.52
1.254096,-54.0,84.6
1.265593,-54.54,85.32
1.276787,-55.08,86.22
1.286559,-55.8,87.12
1.29563,-56.52,87.84
1.304879,-57.24,88.56
1.315255,-57.6,89.46
1.325423,-57.96,90.0
1.334192,-58.14,90.54
1.345776,-58.68,91.44
1.354948,-59.04,92.34
1.364528,-59.4,93.06
1.377177,-60.12,94.14
1.386044,-60.66,94.68
1.395437,-61.2,95.58
1.405548,-62.1,96.48
1.415106,-62.64,97.2
1.425483,-63.0,97.92
1.435303,-63.36,98.64
1.445461,-63.54,99.36
1.454296,-63.9,100.08
1.464626,-64.26,100.8
1.475392,-64.98,101.88
1.485801,-65.7,102.78
1.495239,-66.6,103.68
1.50487,-67.32,104.4
1.515524,-67.68,105.3
1.524124,-68.04,105.84
1.536108,-68.4,106.74
1.545229,-68.58,107.64
1.555523,-69.12,108.36
1.565744,-69.48,109.26
1.57521,-70.02,109.98
1.586431,-70.74,110.88
1.595842,-71.64,111.78
1.605278,-72.18,112.32
1.614614,-72.72,113.22
1.625436,-73.08,114.12
1.635268,-73.44,115.02
1.644091,-73.8,115.74
1.655102,-74.16,116.64
1.665791,-74.52,117.54
1.674711,-75.06,118.26
1.685587,-75.6,118.98
1.695315,-76.68,120.06
1.705192,-77.22,120.78
1.715035,-77.76,121.32
1.725089,-78.12,122.22
1.73454,-78.48,122.94
1.745003,-78.84,123.66
1.755652,-79.2,124.92
1.765289,-79.56,125.64
1.774446,-80.1,126.36
1.784817,-80.82,127.26
1.795408,-81.72,128.16
1.804527,-82.26,128.88
1.81478,-82.8,129.6
1.825153,-83.16,130.32
1.834779,-83.34,131.04
1.845374,-83.7,131.94
1.858296,-84.24,133.02
1.867429,-84.6,133.74
1.875524,-85.32,134.64
1.884427,-85.86,135.36
1.895202,-86.4,136.26
1.905093,-87.12,136.98
1.915679,-87.84,137.88
1.925235,-88.2,138.6
1.935284,-88.2,139.32
1.946951,-88.74,140.4
1.955912,-89.28,141.3
1.964735,-89.46,141.84
1.974785,-90.0,142.74
1.984552,-90.72,143.64
1.994344,-91.26,144.36
2.004918,-92.16,145.08
2.015342,-92.7,145.98
2.024587,-93.06,146.88
2.035817,-93.42,147.6
2.046014,-93.78,148.32
2.055972,-93.96,149.22
2.064616,-94.32,150.12
2.076287,-94.68,151.2
2.086112,-95.22,152.1
2.095789,-95.58,153.0
2.105024,-96.12,153.9
2.114723,-96.84,154.8
2.124788,-97.38,155.52
2.134257,-97.74,156.24
2.144644,-98.1,157.32
2.15458,-98.28,158.4
2.164071,-98.28,159.12
2.174703,-98.28,159.84
2.18609,-98.28,160.74
2.19534,-98.28,161.64
2.203694,-98.28,162.36
2.215116,-99.0,163.62
2.225408,-99.72,164.88
2.236961,-100.26,166.14
2.245464,-100.26,167.22
2.254735,-100.44,168.3
2.265156,-100.8,169.2
2.275349,-101.34,170.46
2.285186,-101.88,171.72
2.296674,-102.24,172.8
2.30422,-102.24,173.7
2.313732,-102.24,174.6
2.326372,-102.24,175.68
2.335364,-102.24,176.4
2.345004,-102.24,177.3
2.354762,-102.24,178.02
2.36544,-102.24,178.74
2.374723,-102.24,179.1
2.384942,-102.24,179.28
2.394777,-102.24,179.28
2.404801,-102.42,179.28
2.414659,-102.78,179.46
2.424225,-102.96,179.64
2.434945,-103.32,179.64
2.445359,-103.32,179.64
2.453929,-103.32,179.64
2.46441,-103.32,179.64
2.473596,-103.32,179.64
2.485151,-103.32,179.64
2.493961,-103.32,179.64
2.504923,-103.32,179.64
2.514165,-103.32,179.64
2.525275,-103.32,179.64
2.535375,-103.32,179.64
2.544295,-103.32,179.64
2.55497,-103.32,179.64
2.563741,-103.32,179.64
2.574892,-103.32,179.64
2.584721,-103.32,179.64
2.595869,-103.32,179.64
2.608123,-103.32,179.64
2.613076,-103.32,179.64
2.620946,-103.32,179.64
2.632265,-103.32,179.64
2.644075,-103.32,179.64
2.653791,-103.32,179.64
2.663655,-103.32,179.64
2.674216,-103.32,179.64
2.683591,-103.32,179.64
2.694479,-103.32,179.64
2.705714,-103.32,179.64
2.714642,-103.32,179.64
2.724383,-103.32,179.64
2.735786,-103.32,179.64
2.744775,-103.14,179.64
2.755047,-103.14,179.64
2.765712,-103.14,179.64
2.775906,-103.14,179.64
2.784082,-103.14,179.64
2.795147,-103.14,179.64
2.803468,-103.14,179.64
2.813915,-103.14,179.64
2.824994,-103.14,179.64
2.83425,-102.96,179.64
2.846569,-102.6,179.64
2.854505,-102.42,179.64
2.864397,-101.88,179.64
2.873724,-101.52,179.64
2.884641,-100.8,179.64
2.894615,-100.44,179.64
2.90434,-100.26,179.64
2.914908,-99.9,179.64
2.925138,-99.72,179.64
2.934533,-99.54,179.64
2.943847,-99.36,179.64
2.954645,-99.0,179.64
2.964321,-99.0,179.64
2.974727,-98.64,179.64
2.98403,-98.28,179.64
2.99445,-97.92,179.64
3.005049,-97.38,179.64
3.01464,-96.84,179.64
3.024318,-96.3,179.64
3.033569,-95.76,179.64
3.044322,-95.4,179.64
3.054076,-95.04,179.64
3.063561,-94.68,179.64
3.075103,-94.32,179.64
3.086315,-93.78,179.64
3.094742,-93.42,179.64
3.105561,-92.88,179.64
3.114172,-92.34,179.64
3.12648,-91.44,179.64
3.135808,-90.72,179.64
3.144042,-90.0,179.64
3.154415,-89.28,179.64
3.16372,-88.74,179.64
3.174138,-88.2,179.64
3.183621,-87.48,179.64
3.195517,-86.4,179.64
3.204908,-85.5,179.64
3.214871,-84.78,179.64
3.224159,-84.24,179.64
3.235622,-83.52,179.64
3.24419,-82.8,179.64
3.254909,-81.72,179.64
3.264599,-80.82,179.64
3.275178,-80.28,179.64
3.28443,-79.92,179.64
3.295185,-78.66,179.64
3.305368,-77.76,179.64
3.314442,-76.86,179.64
3.324562,-76.14,179.64
3.334294,-75.42,179.64
3.344126,-75.06,179.64
3.354712,-75.06,179.64
3.364977,-74.52,179.64
3.37518,-73.8,179.64
3.383801,-73.26,179.64
3.395436,-72.18,179.64
3.404447,-71.1,179.64
3.414843,-69.66,179.64
3.424026,-68.4,179.64
3.434185,-67.32,179.64
3.445735,-65.88,179.64
3.454489,-64.44,179.64
3.46557,-63.0,179.64
3.474275,-61.56,179.64
3.484671,-59.94,179.64
3.494465,-58.32,179.64
3.503906,-57.06,179.64
3.515174,-55.26,179.64
3.523691,-54.18,179.64
3.534241,-52.56,179.64
3.543749,-51.3,179.64
3.554291,-49.5,179.64
3.565239,-47.7,179.64
3.57592,-45.72,179.64
3.585931,-44.1,179.64
3.595972,-42.3,179.64
3.606191,-40.68,179.64
3.614951,-38.88,179.64
3.624034,-37.62,179.64
3.633659,-36.18,179.64
3.643527,-34.56,179.64
3.654317,-33.12,179.64
3.665091,-31.86,179.64
3.674884,-31.14,179.64
3.6855,-29.88,179.64
3.693796,-28.62,179.64
3.704305,-27.18,179.64
3.716111,-25.02,179.64
3.724453,-23.58,179.64
3.7365,-21.6,179.64
3.744689,-20.16,179.64
3.754509,-18.72,179.64
3.764795,-17.1,179.64
3.775555,-15.12,179.64
3.784196,-13.68,179.64
3.795603,-11.7,179.64
3.805424,-9.9,179.64
3.813876,-8.28,179.64
3.82578,-6.3,179.64
3.834743,-4.14,179.64
3.844063,-2.52,179.64
3.854509,-0.72,179.64
3.865115,1.26,179.64
3.876113,3.42,179.64
3.884371,5.04,179.64
3.895823,7.56,179.64
3.905888,9.9,179.64
3.915089,11.88,179.64
3.924653,13.5,179.64
3.935561,15.84,179.64
3.944443,17.46,179.64
3.954478,19.44,179.64
3.963546,21.42,179.64
3.97501,23.58,179.64
3.983246,25.2,179.64
3.994814,27.72,179.64
4.004005,29.7,179.64
4.015276,32.4,179.64
4.024812,34.92,179.64
4.034193,37.44,179.64
4.044933,40.68,179.64
4.053707,43.56,179.64
4.065003,48.06,179.64
4.076019,53.28,179.64
4.085204,57.78,179.64
4.09442,62.28,179.64
4.107402,72.9,178.56
4.115866,83.88,176.76
4.126139,92.7,174.96
4.134964,97.92,174.06
4.147807,106.2,172.26
4.156143,113.04,171.0
4.166423,120.42,169.74
4.175644,125.64,168.84
4.186088,131.4,168.12
4.194469,135.54,167.22
4.204845,139.5,165.6
4.216317,144.0,163.98
4.225033,147.96,162.36
4.233869,152.1,160.92
4.243022,155.16,159.12
4.25259,158.4,157.14
4.262052,160.56,155.34
4.273745,162.72,153.18
4.28644,165.24,150.48
4.29278,166.68,149.4
4.303085,168.12,147.96
4.312083,169.56,146.88
4.323114,171.18,145.8
4.333136,171.9,143.82
4.345987,172.26,141.3
4.35496,172.8,138.78
4.365823,172.98,136.26
4.375097,173.34,134.28
4.386119,174.6,131.94
4.394393,176.04,130.32
4.406755,176.58,128.7
4.417977,177.48,126.9
4.426015,177.84,126.0
4.435453,177.84,124.74
4.445305,178.02,123.3
4.454897,178.02,121.86
4.463565,178.02,120.42
4.474386,178.02,118.8
4.486666,178.02,117.36
4.495066,178.02,116.1
4.504819,178.02,114.3
4.514889,178.02,112.14
4.523802,178.02,110.7
4.533966,178.02,109.8
4.545967,178.02,107.82
4.553849,178.02,106.2
4.564753,178.02,104.04
4.578637,178.02,102.42
4.586541,178.02,101.52
4.595763,178.02,99.9
4.604107,178.02,98.1
4.614271,178.02,96.3
4.62441,178.02,94.68
4.634748,178.02,92.88
4.643754,178.02,91.62
4.65461,178.02,89.82
4.66566,178.02,88.2
4.67511,178.02,86.94
4.685263,178.02,85.86
4.694861,178.02,84.6
4.705152,178.02,82.8
4.714937,178.02,81.0
4.725271,178.02,79.56
4.735115,178.02,78.3
4.74444,178.02,77.04
4.754206,178.02,75.6
4.766076,178.02,73.98
4.773902,178.02,72.72
4.785143,178.02,71.1
4.794184,178.02,70.02
4.80469,178.02,68.94
4.814431,178.02,67.68
4.824721,178.02,66.78
4.835941,178.02,65.16
4.844076,178.02,63.9
4.854182,178.02,63.0
4.865887,178.02,61.2
4.874122,178.02,59.94
4.884221,178.02,59.04
4.895256,178.02,57.24
4.905049,178.02,55.98
4.914915,178.02,54.72
4.925123,178.02,54.0
4.936591,178.02,52.56
4.944584,178.02,50.76
4.955565,178.02,49.14
4.964866,178.02,48.06
4.974945,178.02,46.98
4.983807,178.02,45.9
4.994728,178.02,44.46
5.00421,178.02,43.2
5.014406,178.02,42.12
5.025917,178.02,40.68
5.035408,178.02,39.6
5.045888,178.02,38.52
5.053758,178.02,37.62
5.065042,178.02,36.36
5.076885,178.02,35.1
5.08552,178.02,33.84
5.09548,178.02,32.76
5.104244,178.02,32.04
5.115685,178.02,30.78
5.124592,178.02,30.06
5.135194,178.02,28.98
5.144649,178.02,27.9
5.154513,178.02,26.82
5.165465,178.02,25.56
5.173396,178.02,24.66
5.184858,178.02,23.58
5.19353,178.02,22.5
5.20445,178.02,21.42
5.213527,178.02,20.52
5.224718,178.02,19.26
5.234255,178.02,18.18
5.245329,178.02,16.92
5.255952,178.02,15.84
5.264566,178.02,15.12
5.275395,178.02,14.22
5.28415,178.02,13.5
5.294413,178.02,12.42
5.304494,178.02,11.34
5.313807,178.02,10.62
5.324069,178.02,9.54
5.334264,178.02,8.64
5.344542,178.02,7.56
5.353263,178.02,6.66
5.365627,178.02,5.76
5.374566,178.02,4.86
5.384475,178.02,3.96
5.39504,178.02,3.06
5.404081,178.02,2.34
5.415358,178.02,1.44
5.423531,178.02,0.72
5.43475,178.02,-0.18
5.444659,178.02,-1.26
5.453772,178.02,-1.98
5.464873,178.02,-2.88
5.474433,178.02,-3.6
5.484737,178.02,-4.32
5.494427,178.02,-4.86
5.50384,178.02,-5.76
5.514766,178.02,-6.48
5.524433,178.02,-7.38
5.535507,178.02,-8.1
5.543719,178.02,-8.64
5.55398,178.02,-9.54
5.564473,178.02,-10.26
5.574299,178.02,-10.98
5.584898,178.02,-11.88
5.595113,177.66,-12.6
5.604405,177.3,-13.14
5.61402,176.58,-13.68
5.625054,174.96,-14.4
5.635373,172.62,-15.12
5.645587,170.46,-15.66
5.655358,168.3,-16.2
5.665146,165.6,-16.74
5.674603,163.08,-17.28
5.68458,159.84,-17.64
5.696316,156.06,-18.18
5.704651,152.1,-18.9
5.713542,149.58,-19.26
5.724116,146.88,-19.98
5.73516,143.28,-20.34
5.745867,139.32,-20.88
5.755122,136.08,-21.42
5.764451,132.84,-21.96
5.774758,129.24,-22.32
5.785342,125.46,-22.86
5.795139,121.68,-23.76
5.804105,118.44,-24.84
5.812791,115.2,-26.28
5.82222,112.32,-27.0
5.832648,109.44,-27.72
5.842419,105.66,-28.8
5.852418,103.68,-29.34
5.862939,101.16,-29.7
5.873073,98.28,-29.88
5.881985,95.94,-30.24
5.891716,93.96,-30.24
5.901484,91.8,-30.42
5.914162,88.38,-30.78
5.924893,84.96,-30.96
5.934215,82.8,-31.14
5.94178,81.0,-31.14
5.950806,79.2,-31.14
5.960746,76.86,-31.14
5.970969,74.88,-31.14
5.981194,72.72,-31.14
5.991298,71.1,-31.14
6.000877,69.12,-31.14
6.010984,67.14,-31.14
6.020779,64.98,-31.14
6.030893,63.0,-31.14
6.041049,61.2,-31.14
6.050834,58.68,-31.14
6.060898,56.7,-31.14
6.070676,54.72,-31.14
6.081393,52.38,-31.14
6.090883,50.76,-31.14
6.10076,48.6,-31.14
6.111241,46.26,-31.14
6.1214,43.56,-30.96
6.130987,41.58,-30.96
6.14147,39.6,-30.96
6.150681,38.16,-30.96
6.160925,36.0,-30.6
6.17065,33.48,-30.42
6.181082,31.32,-30.24
6.190829,29.16,-29.88
6.200779,27.0,-29.52
6.210908,24.84,-29.16
6.220971,22.86,-28.8
6.230784,20.88,-28.44
6.243375,18.18,-28.08
6.252588,16.56,-27.72
6.263127,14.4,-27.36
6.272561,12.24,-27.0
6.282224,10.44,-26.64
6.294753,7.92,-26.28
6.304612,5.76,-25.92
6.315891,3.96,-25.38
6.321853,2.88,-25.2
6.334822,0.18,-24.66
6.342563,-2.16,-24.12
6.352928,-3.6,-23.76
6.36586,-5.76,-23.4
6.375318,-7.74,-23.22
6.386254,-9.72,-22.68
6.39503,-11.34,-22.32
6.404515,-13.14,-21.78
6.414743,-14.76,-21.42
6.425314,-16.74,-21.06
6.43418,-18.36,-20.7
6.445255,-19.98,-20.16
6.45478,-21.6,-19.8
6.465938,-23.58,-19.26
6.477775,-25.2,-18.72
6.485643,-27.18,-18.36
6.496195,-28.8,-18.0
6.505817,-30.42,-17.46
6.514741,-31.86,-17.28
6.52425,-33.84,-16.74
6.535622,-35.82,-16.38
6.545575,-37.8,-15.84
6.553923,-38.88,-15.48
6.564118,-40.5,-15.12
6.574617,-42.3,-14.58
6.585817,-43.92,-14.22
6.595681,-45.36,-13.86
6.604016,-46.8,-13.32
6.615847,-48.78,-12.78
6.625508,-49.86,-12.42
6.633884,-50.94,-12.06
6.644495,-52.56,-11.52
6.655268,-53.82,-11.16
6.663691,-54.9,-10.8
6.674002,-56.16,-10.44
6.685516,-57.6,-10.08
6.69597,-58.86,-9.54
6.707057,-60.3,-9.18
6.71503,-61.2,-8.82
6.725382,-62.46,-8.28
6.735352,-63.54,-7.92
6.745396,-64.62,-7.56
6.754377,-65.52,-7.2
6.76493,-66.96,-6.66
6.773769,-68.04,-6.48
6.78516,-69.12,-6.12
6.793837,-69.84,-5.94
6.804809,-70.74,-5.58
6.815013,-71.82,-5.22
6.824472,-72.9,-4.86
6.834209,-73.8,-4.5
6.845241,-74.7,-4.14
6.856042,-75.42,-3.96
6.865409,-76.32,-3.6
6.873846,-77.04,-3.42
6.886852,-78.12,-3.06
6.894889,-78.84,-2.88
6.904326,-79.38,-2.7
6.917057,-80.1,-2.34
6.92661,-81.0,-2.16
6.93442,-81.54,-1.98
6.944689,-82.26,-1.62
6.954678,-82.98,-1.44
6.965801,-83.52,-1.26
6.977789,-84.06,-1.26
6.98767,-84.6,-1.26
6.997425,-84.96,-1.26
7.006803,-85.5,-1.26
7.016166,-85.68,-1.26
7.024262,-86.22,-1.08
7.036487,-86.76,-1.08
7.047684,-87.3,-0.72
7.058164,-87.66,-0.54
7.069926,-88.2,-0.36
7.080759,-88.38,-0.36
7.088147,-88.74,-0.36
7.094985,-89.1,-0.36
7.104614,-89.28,-0.36
7.11345,-89.46,-0.36
7.123371,-89.46,-0.36
7.135564,-90.0,-0.36
7.144046,-90.18,-0.18
7.153458,-90.9,-0.18
7.163636,-91.98,-0.18
7.174057,-93.06,-0.18
7.187261,-93.42,0.0
7.197575,-93.78,0.36
7.203858,-93.96,0.54
7.213693,-93.96,0.72
7.2243,-94.14,0.72
7.233315,-94.14,0.72
7.243709,-94.14,0.72
7.25471,-94.14,0.72
7.26614,-94.14,0.72
7.275109,-94.14,0.72
7.286687,-94.14,0.72
7.295085,-94.14,0.9
7.304486,-94.14,0.9
7.313572,-94.14,1.08
7.323715,-94.14,1.26
7.333498,-93.96,1.26
7.343405,-93.78,1.26
7.354131,-93.6,1.44
7.363673,-93.06,1.44
7.373542,-92.52,1.62
7.384014,-91.62,1.8
7.394583,-90.9,1.8
7.403279,-90.36,1.8
7.417779,-89.46,1.8
7.425955,-89.1,1.8
7.434452,-88.56,1.8
7.443424,-88.02,1.8
7.453925,-87.12,1.8
7.464427,-86.58,1.8
7.476981,-85.68,1.8
7.483939,-85.14,1.8
7.493642,-84.42,1.8
7.506512,-83.34,1.8
7.518113,-82.26,1.8
7.524812,-81.54,1.8
7.533668,-80.82,1.8
7.544189,-80.1,1.8
7.553454,-79.38,1.8
7.564072,-78.3,1.8
7.575162,-77.4,1.8
7.586499,-76.5,1.8
7.594692,-75.96,1.8
7.608299,-75.6,1.8
7.618034,-75.06,1.8
7.626416,-74.7,1.8
7.633643,-74.34,1.8
7.643659,-73.8,1.8
7.653257,-73.08,1.8
7.664392,-72.18,1.8
7.67501,-70.92,1.8
7.6878,-68.94,1.8
7.695822,-67.68,1.8
7.705242,-66.24,1.8
7.713308,-65.16,1.8
7.724789,-63.72,1.8
7.733544,-62.64,1.8
7.746187,-60.66,1.8
7.756176,-59.04,1.8
7.767128,-57.42,1.8
7.774241,-56.16,1.8
7.784489,-54.54,1.8
7.795067,-52.74,1.8
7.805004,-51.3,1.8
7.817357,-49.14,1.8
7.826785,-47.7,1.8
7.838042,-45.72,1.8
7.848358,-44.1,1.8
7.856537,-42.66,1.8
7.865705,-41.4,1.8
7.873845,-39.6,1.8
7.887532,-37.98,1.8
7.893884,-37.08,1.8
7.904228,-35.46,1.8
7.915968,-34.02,1.8
7.925406,-32.4,1.62
7.935313,-30.6,1.62
7.943598,-29.52,1.62
7.957787,-27.54,1.62
7.969507,-25.2,1.62
7.982217,-23.4,1.62
7.98933,-21.96,1.44
8.000201,-19.26,1.08
8.007858,-17.82,1.08
