9e-05,-0.72,0.54
0.010002,-0.72,0.54
0.020003,-0.72,0.54
0.030014,-0.72,0.54
0.040003,-0.72,0.54
0.050004,-0.72,0.54
0.060002,-0.72,0.9
0.070003,-0.72,1.44
0.080003,-0.72,1.98
0.090003,-0.9,2.52
0.100007,-1.44,3.42
0.110008,-2.16,4.32
0.120002,-2.88,5.22
0.130002,-3.24,5.76
0.14001,-3.6,6.3
0.152154,-3.96,7.02
0.160008,-4.14,7.38
0.171592,-4.68,8.28
0.183422,-5.4,9.18
0.192409,-5.76,9.72
0.20172,-6.12,10.08
0.210002,-6.66,10.8
0.220001,-7.02,11.34
0.230016,-7.56,12.24
0.240048,-8.1,12.96
0.250496,-8.64,13.68
0.260007,-8.82,14.04
0.270006,-9.18,14.76
0.280008,-9.54,15.3
0.290004,-10.26,16.38
0.300005,-10.8,16.92
0.310006,-11.34,17.46
0.320005,-11.88,18.18
0.330007,-12.24,18.9
0.343384,-12.78,19.8
0.351625,-12.96,20.16
0.360002,-13.32,20.88
0.370002,-13.68,21.42
0.380006,-14.04,22.14
0.391045,-14.76,23.04
0.401176,-15.12,23.76
0.410005,-15.84,24.3
0.420007,-16.38,25.02
0.430005,-16.74,25.74
0.440006,-17.1,26.28
0.452577,-17.64,27.0
0.463308,-18.0,27.72
0.471389,-18.36,28.26
0.482498,-18.72,29.16
0.491632,-19.08,29.7
0.500012,-19.44,30.06
0.510012,-19.98,30.96
0.522009,-20.88,32.04
0.532814,-21.42,32.58
0.541471,-21.78,33.3
0.552258,-22.14,33.84
0.560292,-22.5,34.38
0.570008,-23.04,35.1
0.581627,-23.4,36.0
0.591377,-23.76,36.72
0.600006,-24.12,37.26
0.610013,-24.66,37.98
0.620263,-25.2,38.88
0.630002,-25.56,39.42
0.640002,-26.1,39.78
0.650002,-26.64,40.5
0.660009,-27.36,41.76
0.670007,-27.72,42.3
0.680005,-28.08,43.02
0.690007,-28.44,43.56
0.700007,-28.8,44.28
0.711632,-29.52,45.9
0.720007,-29.52,45.9
0.730008,-29.7,46.08
0.742078,-30.24,46.98
0.751848,-31.14,47.88
0.762991,-31.86,48.6
0.775421,-32.58,49.5
0.787224,-32.94,50.22
0.79581,-33.12,50.58
0.800002,-33.3,51.12
0.810006,-33.84,52.02
0.820288,-34.38,53.1
0.830007,-34.74,53.64
0.840003,-35.28,54.36
0.850001,-35.82,54.9
0.860002,-36.18,55.44
0.870008,-37.08,56.52
0.880006,-37.44,57.06
0.89001,-37.8,57.78
0.900006,-38.16,58.68
0.91001,-38.52,59.22
0.921084,-38.88,59.94
0.930222,-39.24,60.66
0.940209,-39.78,61.38
0.950006,-40.14,61.92
0.960004,-40.68,62.64
0.970006,-41.4,63.54
0.980004,-41.76,64.26
0.990003,-42.3,64.98
1.000004,-42.66,65.52
1.01001,-43.2,66.6
1.020008,-43.74,67.32
1.030004,-43.92,67.86
1.040003,-44.28,68.22
1.050003,-44.64,68.94
1.060003,-45.18,70.02
1.070006,-45.72,70.74
1.080004,-46.44,71.46
1.090004,-46.98,72.18
1.100008,-47.34,72.72
1.110012,-47.88,73.44
1.120007,-48.24,74.16
1.130007,-48.78,75.06
1.140005,-49.32,75.78
1.151097,-49.68,76.68
1.163409,-50.04,77.58
1.174794,-50.76,78.3
1.186838,-51.48,79.2
1.19604,-51.84,79.74
1.208133,-52.2,80.46
1.219086,-52.74,81.36
1.229888,-53.28,82.08
1.23712,-53.46,82.44
1.241361,-53.82,83.16
1.250863,-54.36,84.24
1.261493,-54.9,85.14
1.270848,-55.44,85.86
1.281274,-55.98,86.58
1.291683,-56.88,87.66
1.300003,-57.06,88.02
1.310003,-57.42,88.38
1.320003,-57.96,89.46
1.330002,-58.32,90.18
1.340007,-58.86,91.08
1.350007,-59.4,92.16
1.360525,-59.76,92.88
1.370444,-60.3,93.6
1.380002,-60.84,94.32
1.390003,-61.38,94.86
1.400003,-61.92,95.94
1.410003,-62.46,96.66
1.420003,-63.0,97.38
1.430008,-63.36,98.1
1.440007,-63.9,99.0
1.451777,-64.44,99.9
1.463641,-64.98,100.98
1.471993,-65.34,101.7
1.481015,-65.88,102.24
1.491903,-66.6,103.14
1.501858,-67.14,103.86
1.513547,-67.68,104.76
1.523088,-68.04,105.48
1.533158,-68.4,106.38
1.542671,-68.94,108.9
1.551243,-69.48,108.9
1.560007,-69.48,108.9
1.57001,-69.84,109.44
1.581736,-71.1,110.52
1.591169,-71.82,111.24
1.602367,-72.36,112.14
1.612487,-72.72,112.68
1.623166,-73.08,113.58
1.633517,-73.44,114.3
1.64521,-74.16,115.38
1.654413,-74.52,116.1
1.6646,-74.88,116.82
1.676661,-75.6,117.72
1.68721,-76.14,118.62
1.696201,-76.68,119.34
1.703581,-77.22,120.06
1.714794,-77.76,121.14
1.727141,-78.3,122.04
1.737955,-78.66,122.58
1.749375,-79.2,123.48
1.75782,-79.38,124.02
1.767313,-79.92,124.92
1.777109,-80.64,125.82
1.785796,-81.0,126.72
1.792998,-81.54,127.26
1.801138,-82.08,128.16
1.810003,-82.8,129.06
1.820002,-83.16,129.78
1.830009,-83.7,130.68
1.841248,-84.24,131.76
1.850007,-84.6,132.3
1.860008,-84.78,133.2
1.870007,-85.32,133.92
1.880007,-86.04,134.82
1.890825,-86.76,135.72
1.90113,-87.48,136.62
1.911302,-87.84,137.52
1.92101,-88.2,138.24
1.930006,-88.56,138.96
1.940008,-88.92,139.68
1.950157,-89.64,140.76
1.960681,-90.0,141.66
1.971131,-90.54,142.56
1.981523,-91.08,143.28
1.991267,-91.62,144.0
2.001168,-92.16,144.9
2.011715,-92.7,145.62
2.021928,-93.06,146.34
2.031895,-93.42,147.24
2.042061,-93.96,147.96
2.05168,-94.32,148.68
2.061211,-94.68,149.58
2.072224,-95.22,150.66
2.0832,-95.58,151.38
2.093352,-96.12,152.46
2.106807,-97.2,154.26
2.115354,-97.2,154.26
2.124196,-97.2,154.44
2.130801,-97.2,155.16
2.140008,-97.38,156.24
2.150605,-98.28,157.68
2.160005,-98.64,158.58
2.170414,-99.0,159.66
2.18001,-99.18,160.74
2.19001,-99.18,161.46
2.20001,-99.36,162.54
2.21004,-99.72,163.44
2.220059,-100.26,164.88
2.23001,-100.62,165.96
2.240008,-100.8,166.68
2.25001,-101.16,167.58
2.260501,-101.52,169.02
2.271732,-101.88,170.46
2.280497,-102.06,171.18
2.29001,-102.24,172.08
2.300009,-102.6,173.34
2.310006,-102.6,174.06
2.320007,-102.6,174.96
2.330007,-102.6,175.86
2.340011,-102.6,176.94
2.350351,-102.6,177.84
2.360008,-102.6,178.74
2.370335,-102.6,179.28
2.380012,-102.6,179.46
2.39001,-102.6,179.46
2.400224,-102.6,179.46
2.410006,-102.6,179.46
2.420003,-102.96,179.46
2.430003,-103.14,179.46
2.440008,-103.5,179.46
2.450009,-103.68,179.46
2.460006,-103.86,179.46
2.470008,-104.04,179.46
2.480006,-104.04,179.46
2.49001,-104.04,179.46
2.500006,-104.04,179.46
2.510009,-104.04,179.46
2.520008,-104.04,179.46
2.530007,-104.04,179.46
2.540007,-104.04,179.46
2.550008,-104.04,179.46
2.560006,-104.04,179.46
2.570006,-104.04,179.46
2.580009,-104.04,179.46
2.590007,-104.04,179.46
2.600008,-104.04,179.46
2.610005,-104.04,179.46
2.620364,-104.04,179.46
2.630008,-104.04,179.46
2.640008,-104.04,179.46
2.650009,-104.04,179.46
2.66001,-104.04,179.46
2.670011,-104.04,179.46
2.680006,-104.04,179.46
2.690005,-104.04,179.46
2.700006,-104.04,179.46
2.710007,-104.04,179.46
2.720008,-104.04,179.46
2.73001,-104.04,179.46
2.74001,-104.04,179.46
2.750008,-104.04,179.46
2.760004,-104.04,179.46
2.77001,-104.04,179.46
2.780008,-103.68,179.46
2.790009,-103.5,179.46
2.800007,-102.96,179.46
2.810007,-102.78,179.46
2.820005,-102.42,179.46
2.830005,-102.06,179.46
2.840005,-101.7,179.46
2.85001,-101.34,179.46
2.860009,-100.8,179.46
2.870015,-100.8,179.46
2.880008,-100.44,179.46
2.890037,-100.26,179.46
2.900007,-100.08,179.46
2.910007,-99.72,179.46
2.920007,-99.54,179.46
2.930006,-99.36,179.46
2.940008,-99.0,179.46
2.950044,-98.64,179.46
2.960006,-98.28,179.46
2.97001,-97.92,179.46
2.980008,-97.56,179.46
2.990006,-97.02,179.46
3.000006,-96.66,179.46
3.010004,-96.3,179.46
3.020007,-95.94,179.46
3.03014,-95.58,179.46
3.040007,-95.22,179.46
3.050006,-94.86,179.46
3.060005,-94.68,179.46
3.070004,-94.32,179.46
3.080005,-93.78,179.46
3.090007,-93.42,179.46
3.10001,-92.88,179.46
3.110011,-92.16,179.46
3.120009,-91.62,179.46
3.13001,-91.08,179.46
3.140005,-90.36,179.46
3.150007,-89.64,179.46
3.160009,-88.92,179.46
3.170009,-88.38,179.46
3.180007,-87.48,179.46
3.190009,-86.76,179.46
3.200193,-85.68,179.46
3.210005,-84.96,179.46
3.220007,-84.24,179.46
3.23001,-83.34,179.46
3.240006,-82.44,179.46
3.250006,-81.72,179.46
3.260006,-81.0,179.46
3.270008,-79.92,179.46
3.280006,-79.2,179.46
3.290007,-78.3,179.46
3.300004,-77.58,179.46
3.310007,-76.68,179.46
3.32001,-76.14,179.46
3.330008,-75.6,179.46
3.340007,-74.52,179.46
3.350005,-73.98,179.46
3.360192,-73.44,179.46
3.370335,-72.72,179.46
3.380004,-72.36,179.46
3.390003,-72.0,179.46
3.400004,-71.28,179.46
3.410008,-70.56,179.46
3.420003,-69.3,179.46
3.430008,-68.04,179.46
3.440008,-66.6,179.46
3.450009,-65.16,179.46
3.460006,-63.36,179.46
3.470006,-61.74,179.46
3.48001,-60.12,179.46
3.490007,-58.5,179.46
3.500008,-57.24,179.46
3.510008,-56.16,179.46
3.520651,-54.36,179.46
3.531738,-52.56,179.46
3.542237,-51.12,179.46
3.552522,-49.32,179.46
3.560007,-48.24,179.46
3.570004,-46.44,179.46
3.58001,-45.0,179.46
3.590008,-43.56,179.46
3.600006,-41.76,179.46
3.61004,-40.32,179.46
3.620009,-38.7,179.46
3.630006,-36.36,179.46
3.640008,-34.74,179.46
3.650009,-32.76,179.46
3.66001,-31.5,179.46
3.670006,-29.88,179.46
3.682455,-26.82,179.46
3.690181,-25.56,179.46
3.700009,-24.12,179.46
3.710013,-22.68,179.46
3.720005,-21.06,179.46
3.730008,-19.44,179.46
3.740488,-18.0,179.46
3.752294,-16.56,179.46
3.762653,-15.3,179.46
3.772467,-14.22,179.46
3.781054,-12.42,179.46
3.790514,-10.8,179.46
3.800842,-9.36,179.46
3.810006,-7.92,179.46
3.820007,-6.66,179.46
3.830005,-4.86,179.46
3.840005,-2.52,179.46
3.850011,-1.08,179.46
3.860006,0.9,179.46
3.870006,2.7,179.46
3.88001,4.32,179.46
3.890006,6.84,179.46
3.900009,8.46,179.46
3.910371,11.16,179.46
3.920009,13.14,179.46
3.930008,15.12,179.46
3.940008,17.28,179.46
3.95001,19.08,179.46
3.960009,21.24,179.46
3.970008,23.22,179.46
3.980018,25.2,179.46
3.990009,27.72,179.46
4.000006,29.88,179.46
4.010006,31.86,179.46
4.020005,33.84,179.46
4.03001,36.36,179.46
4.040006,39.78,179.46
4.050006,43.02,179.46
4.060008,47.7,179.46
4.070007,55.26,179.46
4.080009,58.5,179.46
4.09001,63.0,179.46
4.100007,68.4,179.46
4.110008,76.14,178.38
4.120251,86.04,176.76
4.13048,95.4,174.78
4.140944,102.42,173.34
4.151516,111.96,170.82
4.1616,118.8,169.02
4.172136,124.2,166.86
4.181163,129.42,165.6
4.192339,136.08,164.7
4.201733,141.12,162.36
4.210869,145.98,162.36
4.221448,150.48,160.74
4.231844,156.24,160.02
4.240414,159.66,158.94
4.251508,163.44,158.22
4.262082,165.96,155.52
4.273352,168.3,154.98
4.283209,170.1,153.18
4.292437,171.36,151.2
4.300933,172.44,150.66
4.310055,172.8,148.86
4.320491,173.88,147.96
4.331217,175.86,144.72
4.341747,177.12,140.76
4.350882,177.84,139.14
4.360005,178.38,138.42
4.370009,178.74,136.8
4.380007,178.92,134.64
4.390007,178.92,133.02
4.400006,178.92,131.22
4.410008,178.92,129.42
4.420008,178.92,127.98
4.430008,178.92,127.62
4.440027,178.92,127.08
4.450006,178.92,125.46
4.460098,178.92,123.66
4.470008,178.92,122.4
4.480009,178.92,120.42
4.490008,178.92,118.8
4.500007,178.92,116.82
4.510006,178.92,115.2
4.520005,178.92,113.58
4.530008,178.92,112.32
4.540176,178.92,109.62
4.551441,178.92,106.56
4.561889,178.92,104.58
4.570393,178.92,102.96
4.580872,178.92,101.34
4.590007,178.92,99.9
4.600024,178.92,98.28
4.610005,178.92,97.02
4.620005,178.92,95.58
4.630008,178.92,94.32
4.641304,178.92,93.78
4.650715,178.92,91.62
4.660007,178.92,90.18
4.670006,178.92,90.18
4.680011,178.92,90.18
4.690006,178.92,88.38
4.701279,178.92,86.04
4.713761,178.92,84.06
4.722598,178.92,83.7
4.733424,178.92,82.26
4.744167,178.92,80.28
4.755999,178.92,78.48
4.767298,178.92,76.68
4.776403,178.92,75.42
4.784251,178.92,73.62
4.790872,178.92,72.18
4.800007,178.92,71.46
4.810006,178.92,70.2
4.820006,178.92,68.76
4.830005,178.92,68.04
4.840002,178.92,66.78
4.850007,178.92,65.16
4.860008,178.92,64.08
4.870008,178.92,62.64
4.880009,178.92,61.2
4.890406,178.92,58.32
4.900752,178.92,47.88
4.910006,178.92,47.88
4.920008,178.92,47.52
4.930014,178.92,46.62
4.94001,178.92,46.26
4.950007,178.92,45.72
4.960009,178.92,45.18
4.970008,178.92,44.82
4.980006,178.92,44.1
4.990006,178.92,43.56
5.000007,178.92,42.84
5.010149,178.92,42.12
5.020008,178.92,41.22
5.030007,178.92,40.32
5.040007,178.92,39.24
5.050007,178.92,38.16
5.060008,178.92,36.9
5.070005,178.92,35.82
5.080006,178.92,34.74
5.090006,178.92,33.66
5.100007,178.92,32.4
5.110007,178.92,31.14
5.120008,178.92,30.24
5.130006,178.92,29.16
5.140007,178.92,28.08
5.150005,178.92,27.0
5.160006,178.92,26.1
5.170011,178.92,25.02
5.180007,178.92,23.94
5.190005,178.92,22.68
5.200007,178.92,21.42
5.210008,178.92,19.98
5.220007,178.92,19.26
5.230005,178.92,18.36
5.240008,178.92,17.46
5.250005,178.92,16.56
5.260008,178.92,15.48
5.270009,178.92,14.58
5.280007,178.92,12.96
5.290007,178.92,12.24
5.300007,178.92,11.52
5.3108,178.92,10.62
5.320567,178.92,9.72
5.330005,178.92,8.82
5.340535,178.92,7.56
5.352239,178.92,6.66
5.362751,178.92,5.76
5.370192,178.92,5.22
5.380013,178.92,4.5
5.390007,178.92,3.78
5.400005,178.92,2.88
5.410011,178.92,1.98
5.421802,178.92,0.9
5.430009,178.92,0.18
5.440006,178.92,-0.54
5.450007,178.92,-1.44
5.460007,178.92,-2.16
5.470007,178.92,-3.06
5.480006,178.92,-3.78
5.490005,178.92,-4.68
5.500005,178.92,-5.22
5.511287,178.92,-6.3
5.5212,178.92,-7.02
5.530198,178.92,-7.74
5.540344,178.92,-8.46
5.551252,178.92,-9.36
5.560013,178.92,-9.9
5.57001,178.92,-10.44
5.580007,178.92,-11.34
5.590005,178.92,-11.88
5.600006,178.38,-12.78
5.610003,177.66,-13.32
5.620008,176.58,-14.22
5.630005,174.78,-14.58
5.640004,172.26,-15.3
5.650003,170.64,-16.02
5.660006,168.66,-16.56
5.670004,166.32,-16.92
5.680005,163.98,-17.28
5.690002,160.74,-17.82
5.700002,157.32,-18.36
5.710002,154.62,-18.9
5.720002,151.02,-19.44
5.730002,147.96,-19.8
5.740002,144.9,-20.34
5.750002,141.48,-20.88
5.760008,137.52,-21.42
5.770006,133.38,-21.96
5.780005,129.06,-22.32
5.790011,124.74,-22.86
5.800008,120.06,-24.12
5.81001,116.82,-25.2
5.820376,112.68,-26.46
5.830007,109.62,-27.9
5.840008,105.84,-28.62
5.850008,103.5,-29.16
5.86001,100.98,-29.7
5.870008,99.0,-29.88
5.880007,96.48,-30.06
5.890007,93.6,-30.42
5.900008,91.26,-30.42
5.910007,88.38,-30.78
5.920006,85.86,-30.96
5.930005,83.88,-30.96
5.940005,81.72,-31.14
5.950004,79.56,-31.32
5.960004,77.22,-31.5
5.970004,75.42,-31.5
5.980004,73.08,-31.5
5.990004,70.92,-31.5
6.000004,68.76,-31.5
6.010005,65.16,-31.5
6.020003,63.36,-31.5
6.030004,61.02,-31.5
6.040004,59.4,-31.5
6.050003,57.6,-31.5
6.060004,55.44,-31.5
6.070005,53.82,-31.5
6.080004,51.48,-31.5
6.090005,49.86,-31.32
6.100004,47.7,-31.32
6.110005,45.54,-31.32
6.120004,43.56,-31.32
6.130004,41.76,-31.32
6.140016,39.24,-31.32
6.150007,37.26,-31.14
6.160003,34.92,-30.78
6.170008,32.58,-30.24
6.180004,30.24,-30.06
6.190004,28.08,-29.7
6.200008,25.74,-29.16
6.210007,23.76,-28.98
6.220052,21.42,-28.62
6.230009,19.26,-28.26
6.240008,17.64,-28.26
6.250006,15.84,-27.9
6.260008,13.32,-27.36
6.27002,11.16,-27.18
6.280007,9.54,-26.64
6.290008,7.56,-26.28
6.300007,6.12,-26.1
6.310209,4.32,-25.74
6.320006,1.62,-25.2
6.330007,0.36,-24.84
6.340006,-1.8,-24.48
6.350005,-3.6,-23.94
6.360406,-5.4,-23.58
6.370853,-7.92,-23.22
6.381934,-9.9,-22.86
6.390036,-11.52,-22.5
6.400006,-13.32,-22.14
6.410009,-15.66,-21.6
6.420006,-18.9,-21.06
6.430005,-20.88,-20.7
6.440007,-23.04,-20.34
6.450006,-24.66,-19.98
6.460005,-25.92,-19.62
6.472089,-27.72,-19.08
6.483734,-29.52,-18.54
6.494604,-30.78,-18.18
6.50177,-32.04,-17.82
6.511419,-33.12,-17.46
6.521684,-34.92,-17.1
6.530007,-36.0,-16.56
6.540493,-37.44,-16.02
6.550008,-39.24,-15.66
6.560175,-40.86,-15.12
6.570007,-41.76,-14.94
6.580465,-43.38,-14.4
6.590007,-44.82,-14.04
6.600007,-46.44,-13.5
6.610007,-48.06,-13.14
6.620004,-49.5,-12.6
6.630005,-50.58,-12.24
6.640003,-51.66,-11.88
6.650003,-52.92,-11.34
6.660004,-54.0,-10.98
6.67001,-55.8,-10.44
6.682135,-57.96,-9.9
6.690002,-59.58,-9.54
6.700002,-60.12,-9.36
6.710002,-60.84,-9.0
6.720002,-61.74,-8.64
6.730002,-63.0,-8.1
6.740002,-64.26,-7.74
6.750002,-64.98,-7.38
6.760003,-66.06,-7.02
6.770004,-67.14,-6.66
6.780002,-68.04,-6.3
6.790002,-69.3,-5.94
6.800002,-70.2,-5.76
6.810002,-71.1,-5.4
6.820002,-72.0,-5.22
6.830002,-73.08,-4.86
6.840009,-74.52,-4.32
6.850008,-75.6,-3.96
6.86001,-76.5,-3.6
6.87008,-77.4,-3.42
6.880008,-78.12,-3.06
6.890006,-79.02,-3.06
6.90001,-79.74,-2.7
6.910009,-80.46,-2.52
6.920008,-81.18,-1.98
6.9303,-82.08,-1.98
6.940002,-82.62,-1.62
6.950004,-82.98,-1.44
6.960003,-83.34,-1.44
6.970004,-83.88,-1.26
6.980005,-84.6,-1.08
6.990003,-84.96,-1.08
7.000003,-85.32,-1.08
7.010002,-85.86,-1.08
7.020004,-86.4,-1.08
7.030002,-86.76,-1.08
7.040003,-87.12,-1.08
7.050003,-87.66,-1.08
7.060004,-87.84,-0.9
7.070003,-88.2,-0.72
7.080002,-88.74,-0.36
7.090006,-89.28,-0.18
7.100004,-89.28,0.0
7.110003,-89.64,0.0
7.120003,-89.82,0.0
7.130003,-90.0,0.0
7.140003,-90.36,0.0
7.150003,-91.26,0.0
7.160007,-92.16,0.0
7.170005,-93.06,0.0
7.180294,-93.24,0.0
7.190007,-93.78,0.18
7.200007,-94.68,0.54
7.210005,-95.04,0.54
7.220007,-95.04,0.9
7.230005,-95.04,0.9
7.240005,-95.04,0.9
7.250006,-95.04,0.9
7.260011,-95.04,0.9
7.270007,-95.04,0.9
7.280015,-95.04,0.9
7.290005,-95.04,0.9
7.300006,-95.04,0.9
7.310007,-95.04,0.9
7.320009,-94.68,1.08
7.330007,-94.32,1.26
7.34001,-93.96,1.44
7.350007,-93.42,1.44
7.360008,-92.7,1.44
7.370017,-91.8,1.62
7.380007,-91.44,1.62
7.39001,-90.72,1.98
7.400005,-90.0,1.98
7.410007,-89.46,1.98
7.420008,-88.92,1.98
7.430007,-88.2,1.98
7.440007,-87.66,1.98
7.450006,-86.76,1.98
7.460007,-86.04,1.98
7.470989,-84.96,1.98
7.480007,-84.24,1.98
7.491265,-83.52,1.98
7.500113,-82.8,1.98
7.510005,-81.9,1.98
7.520008,-81.0,1.98
7.530007,-80.46,1.98
7.540743,-79.56,1.98
7.552294,-78.48,1.98
7.562602,-77.4,1.98
7.570121,-76.68,1.98
7.580007,-75.6,1.98
7.590008,-74.7,1.98
7.600194,-73.98,1.98
7.610008,-73.08,1.98
7.620006,-72.18,1.98
7.630008,-71.64,1.98
7.640005,-71.28,1.98
7.650006,-70.92,1.98
7.660007,-70.38,1.98
7.670702,-69.48,1.98
7.680006,-68.76,1.98
7.690011,-67.68,1.98
7.700008,-66.6,1.98
7.710517,-65.16,1.98
7.720583,-63.9,1.98
7.730007,-62.82,1.98
7.740006,-61.38,1.98
7.750006,-60.12,1.98
7.760007,-58.68,1.98
7.770008,-57.06,1.98
7.780018,-55.44,1.98
7.791412,-53.1,1.98
7.800401,-51.48,1.98
7.81001,-50.04,1.98
7.820007,-48.6,1.98
7.830007,-47.16,1.98
7.840005,-45.36,1.98
7.850816,-43.92,1.98
7.860174,-41.4,1.98
7.870005,-39.42,1.98
7.880008,-37.8,1.98
7.890008,-36.0,1.98
7.900006,-34.02,1.98
7.91001,-32.04,1.98
7.920006,-29.7,1.8
7.930007,-28.26,1.8
7.940009,-26.64,1.8
7.950026,-24.66,1.8
7.960008,-22.86,1.8
7.970008,-21.06,1.62
7.980005,-18.54,1.26
7.990009,-16.74,1.08
8.000008,-14.58,0.9
