0.00	,	0.000000	,	0.000000	,	0.000000	,	0.000000	,
0.01	,	-0.43196	,	0.630950	,	-2.09869	,	6.257396	,
0.02	,	-0.86467	,	1.263440	,	-4.18768	,	12.48550	,
0.03	,	-1.29811	,	1.897456	,	-6.26699	,	18.68327	,
0.04	,	-1.73227	,	2.532983	,	-8.33660	,	24.84966	,
0.05	,	-2.16714	,	3.170008	,	-10.3965	,	30.98361	,
0.06	,	-2.60272	,	3.808516	,	-12.4468	,	37.08409	,
0.07	,	-3.03899	,	4.448494	,	-14.4873	,	43.15004	,
0.08	,	-3.47594	,	5.089927	,	-16.5182	,	49.18042	,
0.09	,	-3.91357	,	5.732801	,	-18.5393	,	55.17417	,
0.10	,	-4.35185	,	6.377102	,	-20.5508	,	61.13026	,
0.11	,	-4.79078	,	7.022816	,	-22.5526	,	67.04764	,
0.12	,	-5.23036	,	7.669929	,	-24.5447	,	72.92525	,
0.13	,	-5.67056	,	8.318427	,	-26.5271	,	78.76205	,
0.14	,	-6.11139	,	8.968296	,	-28.4998	,	84.55699	,
0.15	,	-6.55282	,	9.619521	,	-30.4628	,	90.30903	,
0.16	,	-6.99485	,	10.27209	,	-32.4162	,	96.01712	,
0.17	,	-7.43747	,	10.92598	,	-34.3599	,	101.6802	,
0.18	,	-7.88067	,	11.58119	,	-36.2938	,	107.2973	,
0.19	,	-8.32444	,	12.23771	,	-38.2181	,	112.8672	,
0.20	,	-8.76876	,	12.89550	,	-40.1327	,	118.3890	,
0.21	,	-9.21363	,	13.55457	,	-42.0377	,	123.8616	,
0.22	,	-9.65904	,	14.21490	,	-43.9329	,	129.2840	,
0.23	,	-10.1050	,	14.87647	,	-45.8184	,	134.6551	,
0.24	,	-10.5514	,	15.53927	,	-47.6943	,	139.9739	,
0.25	,	-10.9984	,	16.20328	,	-49.5605	,	145.2393	,
0.26	,	-11.4458	,	16.86850	,	-51.4170	,	150.4503	,
0.27	,	-11.8938	,	17.53490	,	-53.2638	,	155.6058	,
0.28	,	-12.3422	,	18.20248	,	-55.1010	,	160.7047	,
0.29	,	-12.7910	,	18.87122	,	-56.9285	,	165.7462	,
0.30	,	-13.2404	,	19.54110	,	-58.7462	,	170.7290	,
0.31	,	-13.6901	,	20.21212	,	-60.5543	,	175.6521	,
0.32	,	-14.1403	,	20.88425	,	-62.3528	,	180.5145	,
0.33	,	-14.5909	,	21.55748	,	-64.1415	,	185.3152	,
0.34	,	-15.0420	,	22.23180	,	-65.9206	,	190.0531	,
0.35	,	-15.4934	,	22.90720	,	-67.6900	,	194.7271	,
0.36	,	-15.9452	,	23.58365	,	-69.4497	,	199.3362	,
0.37	,	-16.3975	,	24.26116	,	-71.1997	,	203.8794	,
0.38	,	-16.8500	,	24.93969	,	-72.9401	,	208.3556	,
0.39	,	-17.3030	,	25.61925	,	-74.6707	,	212.7637	,
0.40	,	-17.7563	,	26.29981	,	-76.3917	,	217.1028	,
0.41	,	-18.2099	,	26.98135	,	-78.1031	,	221.3717	,
0.42	,	-18.6638	,	27.66388	,	-79.8047	,	225.5695	,
0.43	,	-19.1181	,	28.34736	,	-81.4967	,	229.6950	,
0.44	,	-19.5727	,	29.03180	,	-83.1790	,	233.7472	,
0.45	,	-20.0276	,	29.71716	,	-84.8516	,	237.7252	,
0.46	,	-20.4827	,	30.40345	,	-86.5146	,	241.6277	,
0.47	,	-20.9382	,	31.09064	,	-88.1678	,	245.4538	,
0.48	,	-21.3939	,	31.77873	,	-89.8114	,	249.2025	,
0.49	,	-21.8499	,	32.46769	,	-91.4454	,	252.8727	,
0.50	,	-22.3061	,	33.15751	,	-93.0696	,	256.4632	,
0.51	,	-22.7625	,	33.84819	,	-94.6842	,	259.9732	,
0.52	,	-23.2192	,	34.53970	,	-96.2891	,	263.4016	,
0.53	,	-23.6761	,	35.23203	,	-97.8844	,	266.7472	,
0.54	,	-24.1332	,	35.92516	,	-99.4700	,	270.0091	,
0.55	,	-24.5905	,	36.61909	,	-101.046	,	273.1862	,
0.56	,	-25.0479	,	37.31380	,	-102.612	,	276.2774	,
0.57	,	-25.5056	,	38.00927	,	-104.169	,	279.2818	,
0.58	,	-25.9634	,	38.70549	,	-105.716	,	282.1982	,
0.59	,	-26.4214	,	39.40245	,	-107.253	,	285.0256	,
0.60	,	-26.8795	,	40.10013	,	-108.780	,	287.7630	,
0.61	,	-27.3377	,	40.79852	,	-110.298	,	290.4093	,
0.62	,	-27.7960	,	41.49760	,	-111.806	,	292.9635	,
0.63	,	-28.2545	,	42.19737	,	-113.305	,	295.4245	,
0.64	,	-28.7131	,	42.89780	,	-114.794	,	297.7913	,
0.65	,	-29.1717	,	43.59888	,	-116.273	,	300.0628	,
0.66	,	-29.6305	,	44.30059	,	-117.743	,	302.2380	,
0.67	,	-30.0893	,	45.00294	,	-119.203	,	304.3159	,
0.68	,	-30.5481	,	45.70589	,	-120.653	,	306.2953	,
0.69	,	-31.0071	,	46.40943	,	-122.093	,	308.1753	,
0.70	,	-31.4660	,	47.11356	,	-123.524	,	309.9547	,
0.71	,	-31.9250	,	47.81826	,	-124.946	,	311.6326	,
0.72	,	-32.3840	,	48.52350	,	-126.357	,	313.2080	,
0.73	,	-32.8430	,	49.22929	,	-127.759	,	314.6796	,
0.74	,	-33.3020	,	49.93560	,	-129.151	,	316.0466	,
0.75	,	-33.7610	,	50.64242	,	-130.534	,	317.3078	,
0.76	,	-34.2199	,	51.34974	,	-131.907	,	318.4623	,
0.77	,	-34.6789	,	52.05755	,	-133.270	,	319.5089	,
0.78	,	-35.1378	,	52.76582	,	-134.624	,	320.4466	,
0.79	,	-35.5966	,	53.47454	,	-135.968	,	321.2744	,
0.80	,	-36.0553	,	54.18370	,	-137.302	,	321.9912	,
0.81	,	-36.5140	,	54.89330	,	-138.627	,	322.5960	,
0.82	,	-36.9726	,	55.60330	,	-139.941	,	323.0877	,
0.83	,	-37.4311	,	56.31370	,	-141.247	,	323.4653	,
0.84	,	-37.8895	,	57.02448	,	-142.542	,	323.7277	,
0.85	,	-38.3478	,	57.73564	,	-143.828	,	323.8739	,
0.86	,	-38.8060	,	58.44715	,	-145.105	,	323.9028	,
0.87	,	-39.2640	,	59.15900	,	-146.371	,	323.8135	,
0.88	,	-39.7219	,	59.87118	,	-147.628	,	323.6048	,
0.89	,	-40.1796	,	60.58367	,	-148.876	,	323.2756	,
0.90	,	-40.6371	,	61.29646	,	-150.114	,	322.8250	,
0.91	,	-41.0945	,	62.00954	,	-151.342	,	322.2520	,
0.92	,	-41.5516	,	62.72289	,	-152.560	,	321.5553	,
0.93	,	-42.0086	,	63.43650	,	-153.769	,	320.7341	,
0.94	,	-42.4654	,	64.15034	,	-154.968	,	319.7873	,
0.95	,	-42.9219	,	64.86442	,	-156.157	,	318.7137	,
0.96	,	-43.3782	,	65.57871	,	-157.337	,	317.5124	,
0.97	,	-43.8343	,	66.29320	,	-158.507	,	316.1824	,
0.98	,	-44.2901	,	67.00788	,	-159.668	,	314.7225	,
0.99	,	-44.7456	,	67.72273	,	-160.818	,	313.1317	,
1.00	,	-45.2009	,	68.43774	,	-161.960	,	311.4090	,
1.01	,	-45.6569	,	69.15421	,	-163.094	,	309.5788	,
1.02	,	-46.1147	,	69.87341	,	-164.223	,	307.6671	,
1.03	,	-46.5741	,	70.59530	,	-165.347	,	305.6756	,
1.04	,	-47.0353	,	71.31986	,	-166.465	,	303.6060	,
1.05	,	-47.4981	,	72.04705	,	-167.579	,	301.4599	,
1.06	,	-47.9626	,	72.77682	,	-168.686	,	299.2390	,
1.07	,	-48.4286	,	73.50914	,	-169.788	,	296.9449	,
1.08	,	-48.8962	,	74.24398	,	-170.885	,	294.5792	,
1.09	,	-49.3653	,	74.98130	,	-171.975	,	292.1436	,
1.10	,	-49.8359	,	75.72107	,	-173.059	,	289.6398	,
1.11	,	-50.3080	,	76.46324	,	-174.137	,	287.0693	,
1.12	,	-50.7815	,	77.20777	,	-175.209	,	284.4339	,
1.13	,	-51.2564	,	77.95465	,	-176.274	,	281.7352	,
1.14	,	-51.7328	,	78.70381	,	-177.332	,	278.9747	,
1.15	,	-52.2104	,	79.45524	,	-178.384	,	276.1542	,
1.16	,	-52.6894	,	80.20889	,	-179.428	,	273.2754	,
1.17	,	-53.1696	,	80.96473	,	-180.466	,	270.3397	,
1.18	,	-53.6512	,	81.72272	,	-181.496	,	267.3490	,
1.19	,	-54.1339	,	82.48283	,	-182.518	,	264.3048	,
1.20	,	-54.6178	,	83.24501	,	-183.534	,	261.2088	,
1.21	,	-55.1029	,	84.00923	,	-184.541	,	258.0626	,
1.22	,	-55.5891	,	84.77545	,	-185.540	,	254.8679	,
1.23	,	-56.0765	,	85.54365	,	-186.532	,	251.6263	,
1.24	,	-56.5649	,	86.31377	,	-187.515	,	248.3395	,
1.25	,	-57.0543	,	87.08579	,	-188.490	,	245.0091	,
1.26	,	-57.5448	,	87.85967	,	-189.456	,	241.6367	,
1.27	,	-58.0362	,	88.63537	,	-190.414	,	238.2240	,
1.28	,	-58.5286	,	89.41286	,	-191.363	,	234.7727	,
1.29	,	-59.0219	,	90.19209	,	-192.304	,	231.2843	,
1.30	,	-59.5160	,	90.97304	,	-193.235	,	227.7606	,
1.31	,	-60.0111	,	91.75566	,	-194.157	,	224.2032	,
1.32	,	-60.5069	,	92.53992	,	-195.069	,	220.6137	,
1.33	,	-61.0036	,	93.32579	,	-195.972	,	216.9937	,
1.34	,	-61.5010	,	94.11322	,	-196.866	,	213.3450	,
1.35	,	-61.9992	,	94.90218	,	-197.750	,	209.6691	,
1.36	,	-62.4980	,	95.69263	,	-198.623	,	205.9677	,
1.37	,	-62.9976	,	96.48454	,	-199.487	,	202.2425	,
1.38	,	-63.4977	,	97.27787	,	-200.340	,	198.4950	,
1.39	,	-63.9985	,	98.07258	,	-201.183	,	194.7270	,
1.40	,	-64.4999	,	98.86864	,	-202.016	,	190.9400	,
1.41	,	-65.0018	,	99.66601	,	-202.838	,	187.1358	,
1.42	,	-65.5042	,	100.4647	,	-203.649	,	183.3160	,
1.43	,	-66.0072	,	101.2645	,	-204.449	,	179.4821	,
1.44	,	-66.5105	,	102.0656	,	-205.238	,	175.6359	,
1.45	,	-67.0144	,	102.8679	,	-206.015	,	171.7790	,
1.46	,	-67.5186	,	103.6712	,	-206.782	,	167.9131	,
1.47	,	-68.0231	,	104.4757	,	-207.536	,	164.0398	,
1.48	,	-68.5281	,	105.2812	,	-208.279	,	160.1606	,
1.49	,	-69.0333	,	106.0878	,	-209.010	,	156.2774	,
1.50	,	-69.5388	,	106.8953	,	-209.729	,	152.3917	,
1.51	,	-70.0445	,	107.7038	,	-210.436	,	148.5052	,
1.52	,	-70.5504	,	108.5131	,	-211.131	,	144.6194	,
1.53	,	-71.0566	,	109.3234	,	-211.813	,	140.7362	,
1.54	,	-71.5628	,	110.1345	,	-212.483	,	136.8570	,
1.55	,	-72.0693	,	110.9463	,	-213.140	,	132.9836	,
1.56	,	-72.5757	,	111.7590	,	-213.784	,	129.1176	,
1.57	,	-73.0823	,	112.5724	,	-214.415	,	125.2606	,
1.58	,	-73.5889	,	113.3864	,	-215.033	,	121.4143	,
1.59	,	-74.0955	,	114.2011	,	-215.637	,	117.5803	,
1.60	,	-74.6020	,	115.0165	,	-216.228	,	113.7603	,
1.61	,	-75.1085	,	115.8324	,	-216.806	,	109.9559	,
1.62	,	-75.6149	,	116.6488	,	-217.369	,	106.1688	,
1.63	,	-76.1212	,	117.4658	,	-217.919	,	102.4006	,
1.64	,	-76.6273	,	118.2832	,	-218.455	,	98.65288	,
1.65	,	-77.1332	,	119.1011	,	-218.976	,	94.92740	,
1.66	,	-77.6389	,	119.9193	,	-219.483	,	91.22576	,
1.67	,	-78.1444	,	120.7380	,	-219.976	,	87.54961	,
1.68	,	-78.6496	,	121.5569	,	-220.454	,	83.90059	,
1.69	,	-79.1545	,	122.3761	,	-220.917	,	80.28033	,
1.70	,	-79.6590	,	123.1956	,	-221.365	,	76.69050	,
1.71	,	-80.1632	,	124.0153	,	-221.798	,	73.13273	,
1.72	,	-80.6670	,	124.8352	,	-222.216	,	69.60867	,
1.73	,	-81.1704	,	125.6552	,	-222.619	,	66.11996	,
1.74	,	-81.6732	,	126.4754	,	-223.006	,	62.66825	,
1.75	,	-82.1756	,	127.2956	,	-223.377	,	59.25518	,
1.76	,	-82.6775	,	128.1158	,	-223.732	,	55.88240	,
1.77	,	-83.1788	,	128.9360	,	-224.072	,	52.55154	,
1.78	,	-83.6796	,	129.7562	,	-224.395	,	49.26427	,
1.79	,	-84.1797	,	130.5763	,	-224.702	,	46.02221	,
1.80	,	-84.6792	,	131.3963	,	-224.993	,	42.82702	,
1.81	,	-85.1780	,	132.2161	,	-225.267	,	39.68034	,
1.82	,	-85.6761	,	133.0358	,	-225.525	,	36.58381	,
1.83	,	-86.1735	,	133.8552	,	-225.765	,	33.53909	,
1.84	,	-86.6701	,	134.6744	,	-225.989	,	30.54780	,
1.85	,	-87.1659	,	135.4932	,	-226.195	,	27.61161	,
1.86	,	-87.6608	,	136.3118	,	-226.384	,	24.73215	,
1.87	,	-88.1550	,	137.1299	,	-226.556	,	21.91106	,
1.88	,	-88.6482	,	137.9477	,	-226.710	,	19.15000	,
1.89	,	-89.1405	,	138.7650	,	-226.846	,	16.45061	,
1.90	,	-89.6318	,	139.5819	,	-226.964	,	13.81453	,
1.91	,	-90.1222	,	140.3982	,	-227.065	,	11.24341	,
1.92	,	-90.6116	,	141.2140	,	-227.147	,	8.738885	,
1.93	,	-91.0999	,	142.0292	,	-227.211	,	6.302609	,
1.94	,	-91.5871	,	142.8437	,	-227.256	,	3.936224	,
1.95	,	-92.0733	,	143.6576	,	-227.283	,	1.641375	,
1.96	,	-92.5583	,	144.4708	,	-227.291	,	-0.58029	,
1.97	,	-93.0421	,	145.2833	,	-227.280	,	-2.72714	,
1.98	,	-93.5248	,	146.0950	,	-227.250	,	-4.79751	,
1.99	,	-94.0062	,	146.9059	,	-227.200	,	-6.78977	,
2.00	,	-94.4864	,	147.7159	,	-227.132	,	-8.70228	,
2.01	,	-94.9600	,	148.5330	,	-227.046	,	-10.5747	,
2.02	,	-95.4219	,	149.3647	,	-226.946	,	-12.4477	,
2.03	,	-95.8721	,	150.2109	,	-226.833	,	-14.3208	,
2.04	,	-96.3108	,	151.0712	,	-226.706	,	-16.1938	,
2.05	,	-96.7379	,	151.9453	,	-226.566	,	-18.0664	,
2.06	,	-97.1535	,	152.8330	,	-226.412	,	-19.9381	,
2.07	,	-97.5577	,	153.7339	,	-226.246	,	-21.8089	,
2.08	,	-97.9506	,	154.6477	,	-226.068	,	-23.6782	,
2.09	,	-98.3322	,	155.5742	,	-225.877	,	-25.5457	,
2.10	,	-98.7027	,	156.5130	,	-225.675	,	-27.4113	,
2.11	,	-99.0620	,	157.4639	,	-225.461	,	-29.2745	,
2.12	,	-99.4102	,	158.4265	,	-225.236	,	-31.1350	,
2.13	,	-99.7474	,	159.4005	,	-225.000	,	-32.9925	,
2.14	,	-100.074	,	160.3858	,	-224.753	,	-34.8467	,
2.15	,	-100.389	,	161.3819	,	-224.496	,	-36.6973	,
2.16	,	-100.694	,	162.3885	,	-224.229	,	-38.5439	,
2.17	,	-100.987	,	163.4055	,	-223.951	,	-40.3862	,
2.18	,	-101.271	,	164.4324	,	-223.665	,	-42.2240	,
2.19	,	-101.543	,	165.4690	,	-223.369	,	-44.0568	,
2.20	,	-101.805	,	166.5150	,	-223.064	,	-45.8844	,
2.21	,	-102.057	,	167.5701	,	-222.751	,	-47.7065	,
2.22	,	-102.298	,	168.6340	,	-222.429	,	-49.5227	,
2.23	,	-102.529	,	169.7064	,	-222.099	,	-51.3327	,
2.24	,	-102.749	,	170.7870	,	-221.761	,	-53.1362	,
2.25	,	-102.960	,	171.8755	,	-221.416	,	-54.9329	,
2.26	,	-103.160	,	172.9716	,	-221.064	,	-56.7225	,
2.27	,	-103.350	,	174.0750	,	-220.705	,	-58.5046	,
2.28	,	-103.530	,	175.1855	,	-220.339	,	-60.2789	,
2.29	,	-103.700	,	176.3027	,	-219.966	,	-62.0451	,
2.30	,	-103.860	,	177.4263	,	-219.588	,	-63.8029	,
2.31	,	-104.011	,	178.5560	,	-219.204	,	-65.5520	,
2.32	,	-104.152	,	179.6916	,	-218.814	,	-67.2920	,
2.33	,	-104.283	,	180.8328	,	-218.419	,	-69.0227	,
2.34	,	-104.404	,	181.9791	,	-218.020	,	-70.7437	,
2.35	,	-104.516	,	183.1305	,	-217.615	,	-72.4546	,
2.36	,	-104.618	,	184.2865	,	-217.207	,	-74.1553	,
2.37	,	-104.711	,	185.4468	,	-216.794	,	-75.8453	,
2.38	,	-104.795	,	186.6112	,	-216.377	,	-77.5243	,
2.39	,	-104.869	,	187.7794	,	-215.957	,	-79.1920	,
2.40	,	-104.935	,	188.9511	,	-215.534	,	-80.8482	,
2.41	,	-104.991	,	190.1259	,	-215.108	,	-82.4924	,
2.42	,	-105.037	,	191.3036	,	-214.680	,	-84.1244	,
2.43	,	-105.075	,	192.4839	,	-214.249	,	-85.7438	,
2.44	,	-105.104	,	193.6665	,	-213.816	,	-87.3504	,
2.45	,	-105.124	,	194.8511	,	-213.381	,	-88.9437	,
2.46	,	-105.136	,	196.0374	,	-212.945	,	-90.5236	,
2.47	,	-105.138	,	197.2251	,	-212.508	,	-92.0896	,
2.48	,	-105.132	,	198.4139	,	-212.070	,	-93.6415	,
2.49	,	-105.117	,	199.6035	,	-211.631	,	-95.1788	,
2.50	,	-105.094	,	200.7936	,	-211.192	,	-96.7014	,
2.51	,	-105.062	,	201.9840	,	-210.753	,	-98.2089	,
2.52	,	-105.022	,	203.1743	,	-210.314	,	-99.7010	,
2.53	,	-104.973	,	204.3642	,	-209.876	,	-101.177	,
2.54	,	-104.916	,	205.5534	,	-209.439	,	-102.638	,
2.55	,	-104.851	,	206.7417	,	-209.002	,	-104.082	,
2.56	,	-104.778	,	207.9287	,	-208.568	,	-105.509	,
2.57	,	-104.696	,	209.1142	,	-208.135	,	-106.919	,
2.58	,	-104.607	,	210.2978	,	-207.704	,	-108.312	,
2.59	,	-104.510	,	211.4793	,	-207.275	,	-109.687	,
2.60	,	-104.404	,	212.6583	,	-206.849	,	-111.044	,
2.61	,	-104.291	,	213.8346	,	-206.426	,	-112.383	,
2.62	,	-104.170	,	215.0079	,	-206.006	,	-113.703	,
2.63	,	-104.042	,	216.1778	,	-205.589	,	-115.005	,
2.64	,	-103.906	,	217.3441	,	-205.176	,	-116.287	,
2.65	,	-103.762	,	218.5065	,	-204.767	,	-117.549	,
2.66	,	-103.611	,	219.6647	,	-204.363	,	-118.792	,
2.67	,	-103.452	,	220.8184	,	-203.963	,	-120.014	,
2.68	,	-103.286	,	221.9672	,	-203.568	,	-121.216	,
2.69	,	-103.113	,	223.1110	,	-203.178	,	-122.397	,
2.70	,	-102.933	,	224.2494	,	-202.794	,	-123.557	,
2.71	,	-102.745	,	225.3820	,	-202.415	,	-124.696	,
2.72	,	-102.550	,	226.5087	,	-202.043	,	-125.812	,
2.73	,	-102.348	,	227.6291	,	-201.676	,	-126.907	,
2.74	,	-102.140	,	228.7429	,	-201.317	,	-127.979	,
2.75	,	-101.924	,	229.8499	,	-200.964	,	-129.028	,
2.76	,	-101.702	,	230.9497	,	-200.619	,	-130.055	,
2.77	,	-101.472	,	232.0420	,	-200.281	,	-131.057	,
2.78	,	-101.236	,	233.1265	,	-199.951	,	-132.037	,
2.79	,	-100.994	,	234.2030	,	-199.629	,	-132.992	,
2.80	,	-100.745	,	235.2711	,	-199.315	,	-133.922	,
2.81	,	-100.489	,	236.3306	,	-199.010	,	-134.829	,
2.82	,	-100.227	,	237.3811	,	-198.714	,	-135.710	,
2.83	,	-99.9588	,	238.4224	,	-198.427	,	-136.566	,
2.84	,	-99.6841	,	239.4541	,	-198.149	,	-137.396	,
2.85	,	-99.4032	,	240.4761	,	-197.882	,	-138.200	,
2.86	,	-99.1161	,	241.4879	,	-197.624	,	-138.978	,
2.87	,	-98.8229	,	242.4892	,	-197.377	,	-139.729	,
2.88	,	-98.5236	,	243.4799	,	-197.140	,	-140.454	,
2.89	,	-98.2184	,	244.4595	,	-196.915	,	-141.151	,
2.90	,	-97.9073	,	245.4278	,	-196.701	,	-141.821	,
2.91	,	-97.5904	,	246.3845	,	-196.498	,	-142.463	,
2.92	,	-97.2677	,	247.3293	,	-196.307	,	-143.077	,
2.93	,	-96.9393	,	248.2619	,	-196.128	,	-143.662	,
2.94	,	-96.6053	,	249.1820	,	-195.962	,	-144.218	,
2.95	,	-96.2656	,	250.0893	,	-195.808	,	-144.746	,
2.96	,	-95.9205	,	250.9836	,	-195.667	,	-145.243	,
2.97	,	-95.5700	,	251.8644	,	-195.539	,	-145.711	,
2.98	,	-95.2141	,	252.7316	,	-195.425	,	-146.149	,
2.99	,	-94.8528	,	253.5848	,	-195.325	,	-146.557	,
3.00	,	-94.4864	,	254.4237	,	-195.239	,	-146.934	,
3.01	,	-94.1027	,	255.2353	,	-195.160	,	-147.281	,
3.02	,	-93.6899	,	256.0069	,	-195.081	,	-147.599	,
3.03	,	-93.2482	,	256.7389	,	-195.003	,	-147.888	,
3.04	,	-92.7779	,	257.4315	,	-194.924	,	-148.149	,
3.05	,	-92.2792	,	258.0853	,	-194.845	,	-148.381	,
3.06	,	-91.7522	,	258.7004	,	-194.767	,	-148.584	,
3.07	,	-91.1972	,	259.2774	,	-194.689	,	-148.759	,
3.08	,	-90.6144	,	259.8165	,	-194.611	,	-148.905	,
3.09	,	-90.0041	,	260.3181	,	-194.534	,	-149.023	,
3.10	,	-89.3664	,	260.7825	,	-194.457	,	-149.113	,
3.11	,	-88.7016	,	261.2102	,	-194.380	,	-149.175	,
3.12	,	-88.0099	,	261.6014	,	-194.304	,	-149.209	,
3.13	,	-87.2915	,	261.9566	,	-194.229	,	-149.215	,
3.14	,	-86.5467	,	262.2760	,	-194.154	,	-149.193	,
3.15	,	-85.7756	,	262.5601	,	-194.079	,	-149.143	,
3.16	,	-84.9785	,	262.8092	,	-194.006	,	-149.066	,
3.17	,	-84.1555	,	263.0236	,	-193.933	,	-148.961	,
3.18	,	-83.3070	,	263.2037	,	-193.861	,	-148.828	,
3.19	,	-82.4331	,	263.3499	,	-193.790	,	-148.668	,
3.20	,	-81.5341	,	263.4625	,	-193.719	,	-148.480	,
3.21	,	-80.6101	,	263.5419	,	-193.650	,	-148.266	,
3.22	,	-79.6614	,	263.5884	,	-193.581	,	-148.024	,
3.23	,	-78.6882	,	263.6024	,	-193.514	,	-147.755	,
3.24	,	-77.6908	,	263.5843	,	-193.448	,	-147.459	,
3.25	,	-76.6693	,	263.5343	,	-193.383	,	-147.136	,
3.26	,	-75.6240	,	263.4529	,	-193.319	,	-146.786	,
3.27	,	-74.5550	,	263.3405	,	-193.256	,	-146.410	,
3.28	,	-73.4627	,	263.1973	,	-193.194	,	-146.007	,
3.29	,	-72.3472	,	263.0237	,	-193.134	,	-145.577	,
3.30	,	-71.2087	,	262.8201	,	-193.075	,	-145.121	,
3.31	,	-70.0475	,	262.5869	,	-193.018	,	-144.638	,
3.32	,	-68.8637	,	262.3243	,	-192.962	,	-144.129	,
3.33	,	-67.6577	,	262.0328	,	-192.907	,	-143.594	,
3.34	,	-66.4296	,	261.7127	,	-192.854	,	-143.033	,
3.35	,	-65.1796	,	261.3644	,	-192.803	,	-142.445	,
3.36	,	-63.9080	,	260.9882	,	-192.754	,	-141.832	,
3.37	,	-62.6150	,	260.5845	,	-192.706	,	-141.193	,
3.38	,	-61.3008	,	260.1536	,	-192.659	,	-140.528	,
3.39	,	-59.9656	,	259.6960	,	-192.615	,	-139.837	,
3.40	,	-58.6096	,	259.2118	,	-192.573	,	-139.120	,
3.41	,	-57.2331	,	258.7016	,	-192.532	,	-138.378	,
3.42	,	-55.8363	,	258.1656	,	-192.493	,	-137.611	,
3.43	,	-54.4193	,	257.6043	,	-192.457	,	-136.818	,
3.44	,	-52.9825	,	257.0179	,	-192.422	,	-136.000	,
3.45	,	-51.5260	,	256.4069	,	-192.390	,	-135.156	,
3.46	,	-50.0501	,	255.7715	,	-192.359	,	-134.288	,
3.47	,	-48.5549	,	255.1122	,	-192.331	,	-133.394	,
3.48	,	-47.0407	,	254.4293	,	-192.305	,	-132.476	,
3.49	,	-45.5078	,	253.7231	,	-192.281	,	-131.532	,
3.50	,	-43.9562	,	252.9941	,	-192.260	,	-130.564	,
3.51	,	-42.3863	,	252.2425	,	-192.241	,	-129.571	,
3.52	,	-40.7983	,	251.4688	,	-192.225	,	-128.554	,
3.53	,	-39.1924	,	250.6732	,	-192.211	,	-127.512	,
3.54	,	-37.5688	,	249.8562	,	-192.199	,	-126.445	,
3.55	,	-35.9277	,	249.0180	,	-192.190	,	-125.354	,
3.56	,	-34.2694	,	248.1592	,	-192.184	,	-124.239	,
3.57	,	-32.5940	,	247.2799	,	-192.180	,	-123.100	,
3.58	,	-30.9018	,	246.3806	,	-192.179	,	-121.937	,
3.59	,	-29.1931	,	245.4616	,	-192.181	,	-120.749	,
3.60	,	-27.4679	,	244.5233	,	-192.186	,	-119.538	,
3.61	,	-25.7266	,	243.5660	,	-192.193	,	-118.303	,
3.62	,	-23.9693	,	242.5902	,	-192.204	,	-117.044	,
3.63	,	-22.1964	,	241.5960	,	-192.217	,	-115.761	,
3.64	,	-20.4079	,	240.5840	,	-192.234	,	-114.455	,
3.65	,	-18.6042	,	239.5544	,	-192.253	,	-113.126	,
3.66	,	-16.7854	,	238.5077	,	-192.276	,	-111.773	,
3.67	,	-14.9517	,	237.4441	,	-192.301	,	-110.396	,
3.68	,	-13.1035	,	236.3641	,	-192.330	,	-108.996	,
3.69	,	-11.2408	,	235.2679	,	-192.363	,	-107.574	,
3.70	,	-9.36398	,	234.1560	,	-192.398	,	-106.128	,
3.71	,	-7.47318	,	233.0287	,	-192.437	,	-104.659	,
3.72	,	-5.56864	,	231.8863	,	-192.479	,	-103.167	,
3.73	,	-3.65057	,	230.7293	,	-192.525	,	-101.653	,
3.74	,	-1.71919	,	229.5579	,	-192.574	,	-100.115	,
3.75	,	0.225264	,	228.3725	,	-192.627	,	-98.5553	,
3.76	,	2.182587	,	227.1735	,	-192.683	,	-96.9728	,
3.77	,	4.152556	,	225.9613	,	-192.743	,	-95.3678	,
3.78	,	6.134952	,	224.7362	,	-192.807	,	-93.7405	,
3.79	,	8.129555	,	223.4985	,	-192.874	,	-92.0908	,
3.80	,	10.13615	,	222.2486	,	-192.946	,	-90.4189	,
3.81	,	12.15451	,	220.9868	,	-193.021	,	-88.7249	,
3.82	,	14.18441	,	219.7136	,	-193.100	,	-87.0088	,
3.83	,	16.22565	,	218.4293	,	-193.182	,	-85.2708	,
3.84	,	18.27800	,	217.1342	,	-193.269	,	-83.5109	,
3.85	,	20.34124	,	215.8287	,	-193.360	,	-81.7292	,
3.86	,	22.41515	,	214.5131	,	-193.455	,	-79.9258	,
3.87	,	24.49952	,	213.1879	,	-193.554	,	-78.1008	,
3.88	,	26.59411	,	211.8533	,	-193.657	,	-76.2543	,
3.89	,	28.69873	,	210.5097	,	-193.765	,	-74.3863	,
3.90	,	30.81313	,	209.1575	,	-193.877	,	-72.4970	,
3.91	,	32.93711	,	207.7970	,	-193.993	,	-70.5863	,
3.92	,	35.07044	,	206.4286	,	-194.113	,	-68.6545	,
3.93	,	37.21292	,	205.0526	,	-194.238	,	-66.7016	,
3.94	,	39.36430	,	203.6695	,	-194.367	,	-64.7277	,
3.95	,	41.52439	,	202.2795	,	-194.501	,	-62.7329	,
3.96	,	43.69295	,	200.8830	,	-194.639	,	-60.7172	,
3.97	,	45.86978	,	199.4803	,	-194.782	,	-58.6807	,
3.98	,	48.05464	,	198.0719	,	-194.930	,	-56.6236	,
3.99	,	50.24732	,	196.6581	,	-195.082	,	-54.5458	,
4.00	,	52.44760	,	195.2392	,	-195.239	,	-52.4476	,
4.01	,	58.70500	,	193.1405	,	-194.608	,	-52.8796	,
4.02	,	64.93310	,	191.0515	,	-193.976	,	-53.3123	,
4.03	,	71.13087	,	188.9722	,	-193.342	,	-53.7457	,
4.04	,	77.29726	,	186.9026	,	-192.706	,	-54.1799	,
4.05	,	83.43122	,	184.8427	,	-192.069	,	-54.6147	,
4.06	,	89.53169	,	182.7924	,	-191.431	,	-55.0503	,
4.07	,	95.59764	,	180.7519	,	-190.791	,	-55.4866	,
4.08	,	101.6280	,	178.7211	,	-190.149	,	-55.9235	,
4.09	,	107.6218	,	176.6999	,	-189.506	,	-56.3612	,
4.10	,	113.5779	,	174.6884	,	-188.862	,	-56.7995	,
4.11	,	119.4952	,	172.6866	,	-188.216	,	-57.2384	,
4.12	,	125.3728	,	170.6945	,	-187.569	,	-57.6780	,
4.13	,	131.2097	,	168.7121	,	-186.921	,	-58.1182	,
4.14	,	137.0046	,	166.7394	,	-186.271	,	-58.5590	,
4.15	,	142.7566	,	164.7764	,	-185.620	,	-59.0004	,
4.16	,	148.4647	,	162.8230	,	-184.967	,	-59.4425	,
4.17	,	154.1278	,	160.8794	,	-184.313	,	-59.8851	,
4.18	,	159.7449	,	158.9454	,	-183.658	,	-60.3283	,
4.19	,	165.3148	,	157.0211	,	-183.001	,	-60.7720	,
4.20	,	170.8366	,	155.1065	,	-182.344	,	-61.2164	,
4.21	,	176.3092	,	153.2015	,	-181.685	,	-61.6612	,
4.22	,	181.7316	,	151.3063	,	-181.024	,	-62.1066	,
4.23	,	187.1027	,	149.4208	,	-180.363	,	-62.5526	,
4.24	,	192.4215	,	147.5449	,	-179.700	,	-62.9990	,
4.25	,	197.6869	,	145.6787	,	-179.036	,	-63.4460	,
4.26	,	202.8979	,	143.8222	,	-178.371	,	-63.8934	,
4.27	,	208.0534	,	141.9754	,	-177.704	,	-64.3414	,
4.28	,	213.1523	,	140.1382	,	-177.037	,	-64.7898	,
4.29	,	218.1938	,	138.3107	,	-176.368	,	-65.2386	,
4.30	,	223.1766	,	136.4930	,	-175.698	,	-65.6880	,
4.31	,	228.0997	,	134.6849	,	-175.027	,	-66.1377	,
4.32	,	232.9621	,	132.8864	,	-174.355	,	-66.5879	,
4.33	,	237.7628	,	131.0977	,	-173.682	,	-67.0385	,
4.34	,	242.5007	,	129.3186	,	-173.007	,	-67.4896	,
4.35	,	247.1747	,	127.5492	,	-172.332	,	-67.9410	,
4.36	,	251.7838	,	125.7895	,	-171.656	,	-68.3928	,
4.37	,	256.3270	,	124.0395	,	-170.978	,	-68.8451	,
4.38	,	260.8032	,	122.2991	,	-170.300	,	-69.2976	,
4.39	,	265.2113	,	120.5685	,	-169.620	,	-69.7506	,
4.40	,	269.5504	,	118.8475	,	-168.939	,	-70.2039	,
4.41	,	273.8193	,	117.1361	,	-168.258	,	-70.6575	,
4.42	,	278.0171	,	115.4345	,	-167.575	,	-71.1114	,
4.43	,	282.1426	,	113.7425	,	-166.892	,	-71.5657	,
4.44	,	286.1948	,	112.0602	,	-166.207	,	-72.0203	,
4.45	,	290.1728	,	110.3876	,	-165.522	,	-72.4752	,
4.46	,	294.0753	,	108.7246	,	-164.836	,	-72.9303	,
4.47	,	297.9014	,	107.0714	,	-164.149	,	-73.3858	,
4.48	,	301.6501	,	105.4278	,	-163.460	,	-73.8415	,
4.49	,	305.3203	,	103.7938	,	-162.772	,	-74.2975	,
4.50	,	308.9108	,	102.1696	,	-162.082	,	-74.7537	,
4.51	,	312.4208	,	100.5550	,	-161.391	,	-75.2101	,
4.52	,	315.8492	,	98.95006	,	-160.700	,	-75.6668	,
4.53	,	319.1948	,	97.35481	,	-160.007	,	-76.1237	,
4.54	,	322.4567	,	95.76924	,	-159.314	,	-76.5808	,
4.55	,	325.6338	,	94.19333	,	-158.620	,	-77.0381	,
4.56	,	328.7250	,	92.62710	,	-157.925	,	-77.4955	,
4.57	,	331.7294	,	91.07053	,	-157.230	,	-77.9532	,
4.58	,	334.6458	,	89.52364	,	-156.534	,	-78.4110	,
4.59	,	337.4732	,	87.98641	,	-155.837	,	-78.8690	,
4.60	,	340.2106	,	86.45885	,	-155.139	,	-79.3271	,
4.61	,	342.8569	,	84.94096	,	-154.441	,	-79.7853	,
4.62	,	345.4111	,	83.43273	,	-153.742	,	-80.2436	,
4.63	,	347.8721	,	81.93417	,	-153.042	,	-80.7021	,
4.64	,	350.2389	,	80.44528	,	-152.341	,	-81.1607	,
4.65	,	352.5104	,	78.96606	,	-151.640	,	-81.6193	,
4.66	,	354.6856	,	77.49650	,	-150.939	,	-82.0781	,
4.67	,	356.7635	,	76.03660	,	-150.236	,	-82.5369	,
4.68	,	358.7429	,	74.58637	,	-149.533	,	-82.9957	,
4.69	,	360.6229	,	73.14581	,	-148.830	,	-83.4547	,
4.70	,	362.4023	,	71.71491	,	-148.126	,	-83.9136	,
4.71	,	364.0802	,	70.29367	,	-147.421	,	-84.3726	,
4.72	,	365.6556	,	68.88209	,	-146.716	,	-84.8316	,
4.73	,	367.1272	,	67.48018	,	-146.010	,	-85.2906	,
4.74	,	368.4942	,	66.08793	,	-145.304	,	-85.7496	,
4.75	,	369.7554	,	64.70534	,	-144.597	,	-86.2086	,
4.76	,	370.9099	,	63.33242	,	-143.889	,	-86.6675	,
4.77	,	371.9565	,	61.96915	,	-143.182	,	-87.1265	,
4.78	,	372.8942	,	60.61555	,	-142.473	,	-87.5854	,
4.79	,	373.7220	,	59.27160	,	-141.765	,	-88.0442	,
4.80	,	374.4388	,	57.93732	,	-141.055	,	-88.5029	,
4.81	,	375.0436	,	56.61270	,	-140.346	,	-88.9616	,
4.82	,	375.5353	,	55.29773	,	-139.636	,	-89.4202	,
4.83	,	375.9129	,	53.99242	,	-138.926	,	-89.8787	,
4.84	,	376.1753	,	52.69677	,	-138.215	,	-90.3371	,
4.85	,	376.3215	,	51.41078	,	-137.504	,	-90.7954	,
4.86	,	376.3504	,	50.13445	,	-136.792	,	-91.2536	,
4.87	,	376.2611	,	48.86777	,	-136.080	,	-91.7116	,
4.88	,	376.0524	,	47.61075	,	-135.368	,	-92.1695	,
4.89	,	375.7232	,	46.36338	,	-134.656	,	-92.6272	,
4.90	,	375.2726	,	45.12568	,	-133.943	,	-93.0847	,
4.91	,	374.6996	,	43.89762	,	-133.230	,	-93.5421	,
4.92	,	374.0029	,	42.67922	,	-132.516	,	-93.9992	,
4.93	,	373.1817	,	41.47048	,	-131.803	,	-94.4562	,
4.94	,	372.2349	,	40.27139	,	-131.089	,	-94.9130	,
4.95	,	371.1613	,	39.08195	,	-130.375	,	-95.3695	,
4.96	,	369.9600	,	37.90217	,	-129.660	,	-95.8258	,
4.97	,	368.6300	,	36.73204	,	-128.946	,	-96.2819	,
4.98	,	367.1701	,	35.57156	,	-128.231	,	-96.7377	,
4.99	,	365.5793	,	34.42073	,	-127.516	,	-97.1932	,
5.00	,	363.8566	,	33.27956	,	-126.801	,	-97.6485	,
5.01	,	362.0264	,	32.14563	,	-126.085	,	-98.1045	,
5.02	,	360.1147	,	31.01662	,	-125.366	,	-98.5623	,
5.03	,	358.1232	,	29.89270	,	-124.644	,	-99.0217	,
5.04	,	356.0536	,	28.77400	,	-123.919	,	-99.4829	,
5.05	,	353.9075	,	27.66068	,	-123.192	,	-99.9457	,
5.06	,	351.6866	,	26.55287	,	-122.462	,	-100.410	,
5.07	,	349.3925	,	25.45073	,	-121.730	,	-100.876	,
5.08	,	347.0268	,	24.35441	,	-120.995	,	-101.344	,
5.09	,	344.5912	,	23.26405	,	-120.258	,	-101.813	,
5.10	,	342.0874	,	22.17979	,	-119.518	,	-102.284	,
5.11	,	339.5170	,	21.10180	,	-118.776	,	-102.756	,
5.12	,	336.8815	,	20.03020	,	-118.031	,	-103.229	,
5.13	,	334.1828	,	18.96516	,	-117.285	,	-103.704	,
5.14	,	331.4223	,	17.90682	,	-116.535	,	-104.180	,
5.15	,	328.6018	,	16.85532	,	-115.784	,	-104.658	,
5.16	,	325.7230	,	15.81081	,	-115.030	,	-105.137	,
5.17	,	322.7873	,	14.77345	,	-114.274	,	-105.617	,
5.18	,	319.7966	,	13.74337	,	-113.516	,	-106.099	,
5.19	,	316.7524	,	12.72072	,	-112.756	,	-106.581	,
5.20	,	313.6564	,	11.70566	,	-111.994	,	-107.065	,
5.21	,	310.5102	,	10.69832	,	-111.230	,	-107.551	,
5.22	,	307.3155	,	9.698867	,	-110.464	,	-108.037	,
5.23	,	304.0739	,	8.707433	,	-109.696	,	-108.524	,
5.24	,	300.7871	,	7.724170	,	-108.925	,	-109.012	,
5.25	,	297.4567	,	6.749225	,	-108.153	,	-109.502	,
5.26	,	294.0843	,	5.782745	,	-107.380	,	-109.992	,
5.27	,	290.6716	,	4.824878	,	-106.604	,	-110.484	,
5.28	,	287.2203	,	3.875771	,	-105.826	,	-110.976	,
5.29	,	283.7319	,	2.935570	,	-105.047	,	-111.469	,
5.30	,	280.2082	,	2.004425	,	-104.266	,	-111.964	,
5.31	,	276.6508	,	1.082481	,	-103.484	,	-112.459	,
5.32	,	273.0613	,	0.169886	,	-102.699	,	-112.955	,
5.33	,	269.4413	,	-0.73321	,	-101.913	,	-113.451	,
5.34	,	265.7926	,	-1.62667	,	-101.126	,	-113.949	,
5.35	,	262.1167	,	-2.51033	,	-100.337	,	-114.447	,
5.36	,	258.4153	,	-3.38406	,	-99.5466	,	-114.946	,
5.37	,	254.6901	,	-4.24770	,	-98.7547	,	-115.445	,
5.38	,	250.9426	,	-5.10111	,	-97.9613	,	-115.945	,
5.39	,	247.1746	,	-5.94414	,	-97.1666	,	-116.446	,
5.40	,	243.3876	,	-6.77664	,	-96.3706	,	-116.947	,
5.41	,	239.5834	,	-7.59847	,	-95.5732	,	-117.449	,
5.42	,	235.7636	,	-8.40947	,	-94.7745	,	-117.952	,
5.43	,	231.9297	,	-9.20951	,	-93.9747	,	-118.455	,
5.44	,	228.0835	,	-9.99843	,	-93.1736	,	-118.958	,
5.45	,	224.2267	,	-10.7761	,	-92.3713	,	-119.462	,
5.46	,	220.3607	,	-11.5423	,	-91.5680	,	-119.966	,
5.47	,	216.4874	,	-12.2970	,	-90.7635	,	-120.471	,
5.48	,	212.6082	,	-13.0400	,	-89.9580	,	-120.976	,
5.49	,	208.7250	,	-13.7711	,	-89.1514	,	-121.481	,
5.50	,	204.8393	,	-14.4903	,	-88.3439	,	-121.986	,
5.51	,	200.9528	,	-15.1973	,	-87.5354	,	-122.492	,
5.52	,	197.0670	,	-15.8919	,	-86.7261	,	-122.998	,
5.53	,	193.1838	,	-16.5742	,	-85.9158	,	-123.504	,
5.54	,	189.3046	,	-17.2438	,	-85.1047	,	-124.010	,
5.55	,	185.4312	,	-17.9008	,	-84.2929	,	-124.517	,
5.56	,	181.5652	,	-18.5448	,	-83.4802	,	-125.023	,
5.57	,	177.7082	,	-19.1758	,	-82.6668	,	-125.530	,
5.58	,	173.8619	,	-19.7937	,	-81.8528	,	-126.036	,
5.59	,	170.0279	,	-20.3982	,	-81.0381	,	-126.543	,
5.60	,	166.2079	,	-20.9892	,	-80.2227	,	-127.050	,
5.61	,	162.4035	,	-21.5666	,	-79.4068	,	-127.556	,
5.62	,	158.6164	,	-22.1302	,	-78.5904	,	-128.063	,
5.63	,	154.8482	,	-22.6800	,	-77.7734	,	-128.569	,
5.64	,	151.1005	,	-23.2157	,	-76.9560	,	-129.075	,
5.65	,	147.3750	,	-23.7371	,	-76.1381	,	-129.581	,
5.66	,	143.6734	,	-24.2442	,	-75.3199	,	-130.087	,
5.67	,	139.9972	,	-24.7368	,	-74.5012	,	-130.592	,
5.68	,	136.3482	,	-25.2148	,	-73.6823	,	-131.097	,
5.69	,	132.7279	,	-25.6779	,	-72.8631	,	-131.602	,
5.70	,	129.1381	,	-26.1261	,	-72.0436	,	-132.107	,
5.71	,	125.5803	,	-26.5593	,	-71.2239	,	-132.611	,
5.72	,	122.0563	,	-26.9771	,	-70.4040	,	-133.115	,
5.73	,	118.5676	,	-27.3796	,	-69.5840	,	-133.618	,
5.74	,	115.1159	,	-27.7666	,	-68.7638	,	-134.121	,
5.75	,	111.7028	,	-28.1378	,	-67.9437	,	-134.623	,
5.76	,	108.3300	,	-28.4933	,	-67.1234	,	-135.125	,
5.77	,	104.9991	,	-28.8328	,	-66.3032	,	-135.626	,
5.78	,	101.7119	,	-29.1561	,	-65.4830	,	-136.127	,
5.79	,	98.46981	,	-29.4632	,	-64.6629	,	-136.627	,
5.80	,	95.27462	,	-29.7538	,	-63.8429	,	-137.127	,
5.81	,	92.12794	,	-30.0279	,	-63.0231	,	-137.626	,
5.82	,	89.03141	,	-30.2853	,	-62.2034	,	-138.124	,
5.83	,	85.98669	,	-30.5258	,	-61.3840	,	-138.621	,
5.84	,	82.99540	,	-30.7493	,	-60.5648	,	-139.118	,
5.85	,	80.05921	,	-30.9557	,	-59.7460	,	-139.613	,
5.86	,	77.17975	,	-31.1448	,	-58.9274	,	-140.108	,
5.87	,	74.35867	,	-31.3164	,	-58.1093	,	-140.603	,
5.88	,	71.59761	,	-31.4704	,	-57.2915	,	-141.096	,
5.89	,	68.89821	,	-31.6066	,	-56.4742	,	-141.588	,
5.90	,	66.26213	,	-31.7250	,	-55.6573	,	-142.079	,
5.91	,	63.69101	,	-31.8254	,	-54.8410	,	-142.570	,
5.92	,	61.18649	,	-31.9075	,	-54.0252	,	-143.059	,
5.93	,	58.75021	,	-31.9713	,	-53.2100	,	-143.547	,
5.94	,	56.38383	,	-32.0167	,	-52.3955	,	-144.035	,
5.95	,	54.08898	,	-32.0434	,	-51.5816	,	-144.521	,
5.96	,	51.86731	,	-32.0514	,	-50.7684	,	-145.006	,
5.97	,	49.72046	,	-32.0404	,	-49.9559	,	-145.490	,
5.98	,	47.65009	,	-32.0103	,	-49.1442	,	-145.972	,
5.99	,	45.65783	,	-31.9611	,	-48.3333	,	-146.454	,
6.00	,	43.74533	,	-31.8924	,	-47.5233	,	-146.934	,
6.01	,	41.87289	,	-31.8069	,	-46.7062	,	-147.408	,
6.02	,	39.99995	,	-31.7073	,	-45.8745	,	-147.870	,
6.03	,	38.12681	,	-31.5938	,	-45.0283	,	-148.320	,
6.04	,	36.25381	,	-31.4667	,	-44.1680	,	-148.758	,
6.05	,	34.38125	,	-31.3264	,	-43.2939	,	-149.185	,
6.06	,	32.50945	,	-31.1730	,	-42.4062	,	-149.601	,
6.07	,	30.63874	,	-31.0070	,	-41.5053	,	-150.005	,
6.08	,	28.76944	,	-30.8286	,	-40.5915	,	-150.398	,
6.09	,	26.90185	,	-30.6381	,	-39.6650	,	-150.780	,
6.10	,	25.03631	,	-30.4357	,	-38.7262	,	-151.150	,
6.11	,	23.17312	,	-30.2218	,	-37.7753	,	-151.510	,
6.12	,	21.31261	,	-29.9967	,	-36.8127	,	-151.858	,
6.13	,	19.45510	,	-29.7606	,	-35.8387	,	-152.195	,
6.14	,	17.60091	,	-29.5138	,	-34.8534	,	-152.521	,
6.15	,	15.75034	,	-29.2566	,	-33.8573	,	-152.837	,
6.16	,	13.90373	,	-28.9893	,	-32.8507	,	-153.141	,
6.17	,	12.06139	,	-28.7123	,	-31.8337	,	-153.435	,
6.18	,	10.22364	,	-28.4257	,	-30.8068	,	-153.718	,
6.19	,	8.390804	,	-28.1298	,	-29.7702	,	-153.991	,
6.20	,	6.563190	,	-27.8250	,	-28.7242	,	-154.253	,
6.21	,	4.741123	,	-27.5116	,	-27.6691	,	-154.504	,
6.22	,	2.924920	,	-27.1898	,	-26.6052	,	-154.746	,
6.23	,	1.114900	,	-26.8599	,	-25.5328	,	-154.976	,
6.24	,	-0.68862	,	-26.5222	,	-24.4522	,	-155.197	,
6.25	,	-2.48531	,	-26.1771	,	-23.3637	,	-155.407	,
6.26	,	-4.27487	,	-25.8247	,	-22.2676	,	-155.607	,
6.27	,	-6.05697	,	-25.4654	,	-21.1642	,	-155.798	,
6.28	,	-7.83130	,	-25.0994	,	-20.0537	,	-155.978	,
6.29	,	-9.59752	,	-24.7271	,	-18.9365	,	-156.148	,
6.30	,	-11.3553	,	-24.3487	,	-17.8129	,	-156.308	,
6.31	,	-13.1044	,	-23.9646	,	-16.6832	,	-156.459	,
6.32	,	-14.8444	,	-23.5750	,	-15.5476	,	-156.599	,
6.33	,	-16.5751	,	-23.1801	,	-14.4064	,	-156.730	,
6.34	,	-18.2961	,	-22.7804	,	-13.2601	,	-156.852	,
6.35	,	-20.0070	,	-22.3761	,	-12.1087	,	-156.964	,
6.36	,	-21.7077	,	-21.9674	,	-10.9527	,	-157.066	,
6.37	,	-23.3977	,	-21.5547	,	-9.79239	,	-157.159	,
6.38	,	-25.0767	,	-21.1382	,	-8.62798	,	-157.243	,
6.39	,	-26.7444	,	-20.7183	,	-7.45980	,	-157.317	,
6.40	,	-28.4006	,	-20.2951	,	-6.28814	,	-157.382	,
6.41	,	-30.0448	,	-19.8691	,	-5.11330	,	-157.438	,
6.42	,	-31.6768	,	-19.4405	,	-3.93558	,	-157.485	,
6.43	,	-33.2962	,	-19.0096	,	-2.75528	,	-157.523	,
6.44	,	-34.9028	,	-18.5767	,	-1.57268	,	-157.552	,
6.45	,	-36.4961	,	-18.1420	,	-0.38809	,	-157.572	,
6.46	,	-38.0760	,	-17.7059	,	0.798198	,	-157.583	,
6.47	,	-39.6420	,	-17.2686	,	1.985892	,	-157.586	,
6.48	,	-41.1938	,	-16.8304	,	3.174695	,	-157.579	,
6.49	,	-42.7312	,	-16.3917	,	4.364309	,	-157.565	,
6.50	,	-44.2538	,	-15.9527	,	5.554441	,	-157.541	,
6.51	,	-45.7613	,	-15.5136	,	6.744793	,	-157.509	,
6.52	,	-47.2534	,	-15.0749	,	7.935071	,	-157.469	,
6.53	,	-48.7297	,	-14.6367	,	9.124978	,	-157.421	,
6.54	,	-50.1900	,	-14.1994	,	10.31422	,	-157.364	,
6.55	,	-51.6339	,	-13.7632	,	11.50250	,	-157.299	,
6.56	,	-53.0611	,	-13.3285	,	12.68952	,	-157.225	,
6.57	,	-54.4713	,	-12.8955	,	13.87499	,	-157.144	,
6.58	,	-55.8641	,	-12.4645	,	15.05861	,	-157.054	,
6.59	,	-57.2393	,	-12.0358	,	16.24008	,	-156.957	,
6.60	,	-58.5964	,	-11.6097	,	17.41911	,	-156.852	,
6.61	,	-59.9354	,	-11.1865	,	18.59541	,	-156.739	,
6.62	,	-61.2556	,	-10.7664	,	19.76868	,	-156.618	,
6.63	,	-62.5570	,	-10.3498	,	20.93862	,	-156.490	,
6.64	,	-63.8391	,	-9.93694	,	22.10493	,	-156.353	,
6.65	,	-65.1017	,	-9.52812	,	23.26733	,	-156.210	,
6.66	,	-66.3443	,	-9.12361	,	24.42551	,	-156.058	,
6.67	,	-67.5668	,	-8.72371	,	25.57918	,	-155.900	,
6.68	,	-68.7687	,	-8.32871	,	26.72804	,	-155.734	,
6.69	,	-69.9498	,	-7.93890	,	27.87181	,	-155.561	,
6.70	,	-71.1097	,	-7.55456	,	29.01017	,	-155.380	,
6.71	,	-72.2481	,	-7.17598	,	30.14284	,	-155.193	,
6.72	,	-73.3648	,	-6.80345	,	31.26953	,	-154.998	,
6.73	,	-74.4593	,	-6.43726	,	32.38992	,	-154.796	,
6.74	,	-75.5314	,	-6.07770	,	33.50374	,	-154.587	,
6.75	,	-76.5807	,	-5.72505	,	34.61068	,	-154.372	,
6.76	,	-77.6070	,	-5.37961	,	35.71045	,	-154.149	,
6.77	,	-78.6098	,	-5.04166	,	36.80276	,	-153.920	,
6.78	,	-79.5890	,	-4.71149	,	37.88730	,	-153.684	,
6.79	,	-80.5441	,	-4.38939	,	38.96378	,	-153.442	,
6.80	,	-81.4749	,	-4.07565	,	40.03190	,	-153.192	,
6.81	,	-82.3810	,	-3.77056	,	41.09138	,	-152.937	,
6.82	,	-83.2621	,	-3.47439	,	42.14191	,	-152.675	,
6.83	,	-84.1179	,	-3.18745	,	43.18319	,	-152.406	,
6.84	,	-84.9481	,	-2.91003	,	44.21494	,	-152.132	,
6.85	,	-85.7524	,	-2.64240	,	45.23686	,	-151.851	,
6.86	,	-86.5304	,	-2.38486	,	46.24865	,	-151.564	,
6.87	,	-87.2818	,	-2.13769	,	47.25001	,	-151.270	,
6.88	,	-88.0063	,	-1.90119	,	48.24065	,	-150.971	,
6.89	,	-88.7036	,	-1.67565	,	49.22028	,	-150.666	,
6.90	,	-89.3733	,	-1.46134	,	50.18860	,	-150.355	,
6.91	,	-90.0152	,	-1.25857	,	51.14530	,	-150.038	,
6.92	,	-90.6290	,	-1.06761	,	52.09011	,	-149.715	,
6.93	,	-91.2142	,	-0.88876	,	53.02271	,	-149.387	,
6.94	,	-91.7706	,	-0.72230	,	53.94282	,	-149.053	,
6.95	,	-92.2979	,	-0.56853	,	54.85014	,	-148.713	,
6.96	,	-92.7958	,	-0.42772	,	55.74438	,	-148.368	,
6.97	,	-93.2639	,	-0.30018	,	56.62523	,	-148.018	,
6.98	,	-93.7019	,	-0.18619	,	57.49241	,	-147.662	,
6.99	,	-94.1095	,	-0.08603	,	58.34561	,	-147.300	,
7.00	,	-94.4864	,	0.000000	,	59.18454	,	-146.934	,
7.01	,	-94.8333	,	0.078883	,	59.99613	,	-146.550	,
7.02	,	-95.1513	,	0.157751	,	60.76771	,	-146.137	,
7.03	,	-95.4406	,	0.236557	,	61.49966	,	-145.696	,
7.04	,	-95.7011	,	0.315253	,	62.19233	,	-145.226	,
7.05	,	-95.9329	,	0.393789	,	62.84606	,	-144.727	,
7.06	,	-96.1363	,	0.472118	,	63.46123	,	-144.200	,
7.07	,	-96.3111	,	0.550191	,	64.03818	,	-143.645	,
7.08	,	-96.4576	,	0.627959	,	64.57728	,	-143.062	,
7.09	,	-96.5758	,	0.705376	,	65.07888	,	-142.452	,
7.10	,	-96.6658	,	0.782391	,	65.54333	,	-141.814	,
7.11	,	-96.7276	,	0.858957	,	65.97099	,	-141.149	,
7.12	,	-96.7614	,	0.935026	,	66.36222	,	-140.458	,
7.13	,	-96.7673	,	1.010548	,	66.71737	,	-139.739	,
7.14	,	-96.7453	,	1.085477	,	67.03681	,	-138.994	,
7.15	,	-96.6955	,	1.159763	,	67.32089	,	-138.223	,
7.16	,	-96.6180	,	1.233357	,	67.56995	,	-137.426	,
7.17	,	-96.5129	,	1.306213	,	67.78437	,	-136.603	,
7.18	,	-96.3803	,	1.378280	,	67.96450	,	-135.755	,
7.19	,	-96.2203	,	1.449512	,	68.11069	,	-134.881	,
7.20	,	-96.0328	,	1.519859	,	68.22330	,	-133.982	,
7.21	,	-95.8182	,	1.589274	,	68.30269	,	-133.058	,
7.22	,	-95.5763	,	1.657707	,	68.34921	,	-132.109	,
7.23	,	-95.3074	,	1.725111	,	68.36321	,	-131.136	,
7.24	,	-95.0114	,	1.791437	,	68.34507	,	-130.138	,
7.25	,	-94.6885	,	1.856637	,	68.29512	,	-129.117	,
7.26	,	-94.3388	,	1.920662	,	68.21374	,	-128.072	,
7.27	,	-93.9623	,	1.983465	,	68.10127	,	-127.003	,
7.28	,	-93.5592	,	2.044996	,	67.95807	,	-125.910	,
7.29	,	-93.1295	,	2.105208	,	67.78450	,	-124.795	,
7.30	,	-92.6733	,	2.164052	,	67.58091	,	-123.656	,
7.31	,	-92.1906	,	2.221479	,	67.34767	,	-122.495	,
7.32	,	-91.6817	,	2.277442	,	67.08512	,	-121.311	,
7.33	,	-91.1465	,	2.331892	,	66.79363	,	-120.105	,
7.34	,	-90.5851	,	2.384780	,	66.47355	,	-118.877	,
7.35	,	-89.9977	,	2.436059	,	66.12523	,	-117.627	,
7.36	,	-89.3843	,	2.485680	,	65.74903	,	-116.356	,
7.37	,	-88.7450	,	2.533594	,	65.34532	,	-115.063	,
7.38	,	-88.0799	,	2.579754	,	64.91444	,	-113.748	,
7.39	,	-87.3891	,	2.624110	,	64.45676	,	-112.413	,
7.40	,	-86.6726	,	2.666615	,	63.97262	,	-111.057	,
7.41	,	-85.9306	,	2.707220	,	63.46239	,	-109.681	,
7.42	,	-85.1631	,	2.745877	,	62.92642	,	-108.284	,
7.43	,	-84.3702	,	2.782537	,	62.36507	,	-106.867	,
7.44	,	-83.5520	,	2.817153	,	61.77869	,	-105.430	,
7.45	,	-82.7086	,	2.849675	,	61.16765	,	-103.974	,
7.46	,	-81.8401	,	2.880056	,	60.53229	,	-102.498	,
7.47	,	-80.9465	,	2.908247	,	59.87298	,	-101.002	,
7.48	,	-80.0280	,	2.934199	,	59.19007	,	-99.4883	,
7.49	,	-79.0846	,	2.957865	,	58.48391	,	-97.9554	,
7.50	,	-78.1164	,	2.979196	,	57.75487	,	-96.4038	,
7.51	,	-77.1236	,	2.998143	,	57.00330	,	-94.8339	,
7.52	,	-76.1061	,	3.014659	,	56.22955	,	-93.2459	,
7.53	,	-75.0641	,	3.028694	,	55.43399	,	-91.6400	,
7.54	,	-73.9976	,	3.040202	,	54.61697	,	-90.0164	,
7.55	,	-72.9068	,	3.049132	,	53.77884	,	-88.3753	,
7.56	,	-71.7918	,	3.055438	,	52.91996	,	-86.7170	,
7.57	,	-70.6525	,	3.059069	,	52.04069	,	-85.0416	,
7.58	,	-69.4891	,	3.059980	,	51.14139	,	-83.3494	,
7.59	,	-68.3018	,	3.058119	,	50.22241	,	-81.6407	,
7.60	,	-67.0904	,	3.053441	,	49.28411	,	-79.9155	,
7.61	,	-65.8553	,	3.045895	,	48.32684	,	-78.1742	,
7.62	,	-64.5964	,	3.035434	,	47.35096	,	-76.4169	,
7.63	,	-63.3138	,	3.022010	,	46.35683	,	-74.6440	,
7.64	,	-62.0077	,	3.005574	,	45.34481	,	-72.8555	,
7.65	,	-60.6780	,	2.986077	,	44.31524	,	-71.0518	,
7.66	,	-59.3249	,	2.963472	,	43.26849	,	-69.2330	,
7.67	,	-57.9485	,	2.937709	,	42.20492	,	-67.3993	,
7.68	,	-56.5489	,	2.908742	,	41.12487	,	-65.5511	,
7.69	,	-55.1261	,	2.876520	,	40.02871	,	-63.6884	,
7.70	,	-53.6802	,	2.840997	,	38.91679	,	-61.8116	,
7.71	,	-52.2113	,	2.802123	,	37.78947	,	-59.9208	,
7.72	,	-50.7196	,	2.759850	,	36.64711	,	-58.0162	,
7.73	,	-49.2050	,	2.714131	,	35.49006	,	-56.0982	,
7.74	,	-47.6677	,	2.664915	,	34.31867	,	-54.1668	,
7.75	,	-46.1077	,	2.612156	,	33.13332	,	-52.2223	,
7.76	,	-44.5252	,	2.555805	,	31.93434	,	-50.2650	,
7.77	,	-42.9202	,	2.495813	,	30.72210	,	-48.2950	,
7.78	,	-41.2929	,	2.432133	,	29.49695	,	-46.3126	,
7.79	,	-39.6432	,	2.364715	,	28.25926	,	-44.3180	,
7.80	,	-37.9713	,	2.293511	,	27.00937	,	-42.3115	,
7.81	,	-36.2773	,	2.218474	,	25.74764	,	-40.2931	,
7.82	,	-34.5612	,	2.139554	,	24.47444	,	-38.2632	,
7.83	,	-32.8232	,	2.056703	,	23.19011	,	-36.2219	,
7.84	,	-31.0633	,	1.969874	,	21.89501	,	-34.1696	,
7.85	,	-29.2816	,	1.879017	,	20.58951	,	-32.1064	,
7.86	,	-27.4782	,	1.784084	,	19.27395	,	-30.0324	,
7.87	,	-25.6532	,	1.685028	,	17.94869	,	-27.9481	,
7.88	,	-23.8067	,	1.581799	,	16.61409	,	-25.8535	,
7.89	,	-21.9387	,	1.474349	,	15.27050	,	-23.7489	,
7.90	,	-20.0494	,	1.362630	,	13.91829	,	-21.6345	,
7.91	,	-18.1387	,	1.246593	,	12.55780	,	-19.5105	,
7.92	,	-16.2069	,	1.126191	,	11.18940	,	-17.3772	,
7.93	,	-14.2540	,	1.001375	,	9.813440	,	-15.2347	,
7.94	,	-12.2801	,	0.872095	,	8.430276	,	-13.0833	,
7.95	,	-10.2853	,	0.738306	,	7.040267	,	-10.9232	,
7.96	,	-8.26956	,	0.599956	,	5.643767	,	-8.75465	,
7.97	,	-6.23309	,	0.457000	,	4.241134	,	-6.57783	,
7.98	,	-4.17596	,	0.309387	,	2.832724	,	-4.39296	,
7.99	,	-2.09823	,	0.157070	,	1.418894	,	-2.20028	,
8.00	,	0.000000	,	0.000000	,	0.000000	,	0.000000	,
